id	Bxpc31_count	Bxpc32_count	Bxpc33_count	M81_count	M82_count	M83_count
RAB25	1231	1275	1266	854	792	1020
THBS1	2905	3449	2912	6737	6407	7350
PLIN2	288	314	254	452	425	447
UGT1A10	3644	3510	3306	2414	2769	2944
RAB31	427	368	260	624	1339	344
DYNLT3	351	387	467	494	404	653
AKR1C1	2945	3099	2857	2890	2612	3185
KCNK1	744	790	736	741	705	764
EPB41L2	1357	1511	1561	1998	1795	2063
EFNB2	954	1120	919	1082	985	1151
SOX9	243	346	306	419	448	499
SQOR	3211	3545	3239	3314	3033	3517
CD55	2354	2361	2390	2664	2513	2743
ST14	4530	5534	4532	3690	3456	3920
FABP5	344	516	451	733	717	774
GALNT14	476	707	492	634	686	673
RNF128	10	7	11	0	0	0
FGF2	0	0	0	0	0	0
NMU	230	290	273	128	120	116
COL18A1	49	91	74	102	100	133
DKK3	0	0	0	0	0	0
VCAN	3	3	8	338	344	405
CDA	367	462	384	606	588	620
UGCG	1333	1398	1383	1566	1370	1678
AQP3	41058	45314	38522	28707	26604	30580
PLAGL1	49	45	56	146	294	353
CDH1	11283	12341	11249	10034	9292	10117
NR2F2	2195	2608	2577	3007	2914	3494
GALNT3	1271	1336	1398	754	874	764
ZNF22	839	934	898	972	982	1028
AHNAK2	9200	9163	8525	6143	6380	5748
SERPINE1	1863	2132	1911	2266	2076	2551
KLF5	6884	7303	7385	5866	5249	6272
KRT19	53649	69051	57108	49284	44419	52314
ADIRF	564	827	1001	358	321	483
TNFRSF21	7415	8260	7462	7380	6823	7540
SNAI2	1143	1222	1103	1771	1758	2029
ADAMTS1	804	944	847	1509	1428	1539
NNMT	3	2	2	14	6	23
MEST	2844	2906	2526	1656	1676	1836
TSPAN13	1533	1556	1608	1258	1154	1378
CTSH	5214	6104	4288	2863	2791	3274
SLC27A2	108	113	117	55	63	70
RHOBTB3	2319	2441	2400	3133	2634	3051
ITGB4	10655	13452	10985	17603	16989	18818
RGS20	130	134	99	107	99	119
GSTM3	682	819	730	960	902	936
CXCL1	1294	1746	1505	1676	1744	2011
TM4SF1	2037	2047	1970	1224	1063	1111
MT1X	270	394	287	587	527	557
PODXL	4508	5201	4423	5911	5734	6379
DTX4	1959	2227	2009	1325	1321	1494
EHF	6339	6077	4125	6830	6198	7012
GJB3	2058	2561	2327	2285	2284	2505
SRGN	1187	1259	1245	1744	1693	1944
PLAC8	6	9	14	7	11	12
CXADR	757	753	846	983	831	1067
SLPI	2903	3765	3525	3421	3175	2638
AXL	4191	4671	4006	4032	4156	4308
TMEM30B	2984	3231	3066	4010	3602	4257
CD24	2582	2350	2258	3968	3592	3748
S100P	644	849	769	294	348	414
CST6	0	2	0	2	1	8
MAOA	0	0	0	0	0	0
COL6A2	0	0	0	2	2	3
MAP1B	63	60	54	441	378	487
LIMCH1	359	314	354	564	487	531
SMURF2	837	890	840	889	922	1024
IGFBP3	6	6	6	3	0	3
MT1H	0	0	0	0	0	1
ARL4C	394	429	393	1110	1009	1184
MT1E	1609	2222	1783	2518	2681	2721
DCBLD2	8172	8893	8654	13291	12442	13727
AKR1C3	1673	1880	1536	1973	1735	2080
TIMP3	4786	4880	4467	2779	2460	2805
GRAMD2B	363	448	327	392	311	445
TUBB6	444	483	605	884	1053	865
S100A14	8920	9133	9344	5773	6187	7342
IL1A	3068	3233	3095	4808	4335	5045
SH3YL1	219	236	350	251	250	270
FN1	2660	3081	2407	3582	3392	3997
LGALS3	2446	2778	2581	1904	1866	2027
GJA1	1665	1721	1712	3532	3397	3607
CLU	699	682	782	1274	1479	1518
MAGEA3	3511	4133	3425	4037	3887	4202
S100A6	6868	8519	7469	6332	6278	7297
NEDD9	1552	1702	1569	1732	1583	1724
LAD1	3865	4979	3659	4435	3783	4381
EMP3	897	1033	908	806	861	898
COL4A2	0	1	0	0	0	6
GNG11	19	26	21	84	82	83
SACS	310	76	79	83	91	83
GALNT1	3085	3103	2928	4059	3585	4492
TXNIP	2763	2717	2415	3852	3439	3693
CDH3	9568	11685	10263	8755	8026	9481
HMGA2	6871	7757	7672	10541	10086	11167
OLR1	120	147	145	197	159	188
RBPMS	208	262	226	151	138	145
EPS8	1130	1109	1172	976	949	1134
AGR2	2354	2447	2510	1897	1739	2263
IGF2BP2	1783	2086	1843	1767	1655	1977
LAMA3	8932	9738	8911	12137	11550	12857
JAG1	6551	7763	6959	10320	9490	10776
SFN	19396	25156	21730	23957	24232	26547
SCNN1A	3884	4482	4016	2849	2392	2935
TACSTD2	19792	23865	20702	16402	15481	17431
PPL	21232	26391	22458	19665	18451	21144
CHST15	816	943	891	1296	1373	1385
FOSL1	798	925	796	1569	1597	1885
PTGS2	1074	1033	1135	1204	989	1291
S100A2	14059	21092	16155	15819	16129	17320
F2RL1	751	873	295	933	941	974
COL4A1	3	0	0	1	5	7
GATA3	42	37	53	30	30	46
CLDN4	4884	14	39	2467	2312	2522
PDGFC	143	127	146	183	162	188
FXYD3	12406	14218	12341	6443	5773	6516
TNFAIP2	5564	7519	6014	2068	1541	2261
MAPK13	2681	3410	2757	2200	2161	2355
ARHGDIB	5089	5339	6098	6983	7663	8634
MTUS1	1067	1047	1059	1043	877	987
DAPK1	364	385	368	82	74	88
IGFBP6	7824	10053	8998	6647	7016	8362
BST2	6756	7982	6582	5473	4913	5611
IGFBP7	1	0	0	0	0	3
SPINT1	5277	6325	5467	5656	5389	4960
GLIPR1	711	876	805	1427	1299	1681
H2BFS	30	40	34	29	24	33
ASAH1	515	555	585	570	552	572
ARID5B	606	578	549	511	418	464
RAC2	2954	3743	2784	3520	3617	3996
FBLN1	992	1491	1011	372	422	473
ANXA8	5008	6141	6512	4891	4858	6308
ARHGAP29	952	979	1060	1670	1411	1811
LIMA1	4737	3064	4963	7152	6388	5407
ESRP1	3009	3196	3058	2355	2243	2415
TSPAN4	510	676	546	577	680	729
AKAP2	485	570	424	2159	1108	1212
EPAS1	2685	3106	2818	3500	3280	4612
DSE	1706	1752	1670	1425	1436	1664
MT2A	8922	10204	10124	13921	16294	17904
MT1G	4	6	4	8	11	10
TRIM29	7642	9602	8516	3888	3786	4267
AKAP12	1699	1798	1676	3738	3529	3999
WWTR1	1512	1621	1546	1974	1821	2173
KRT7	33759	41273	32730	35928	32805	34843
WNT5A	0	0	0	0	0	0
KRT18	7178	8412	7557	10257	9521	10782
GLUL	8396	8167	7726	6861	6615	7276
GPR87	1198	1297	1226	1404	1277	1312
VIM	1066	870	1005	3809	2830	3103
VGLL1	31	41	31	13	15	19
BICC1	2	3	4	115	104	121
TGFBI	9487	9391	9528	20358	19602	21478
EPCAM	2383	2595	2688	2864	2574	2990
PTGER4	681	551	463	624	925	1058
CAPG	1136	1980	1579	805	995	799
PIR	532	576	516	344	335	392
LOXL2	429	456	366	1017	974	1039
TPM2	1409	1905	1670	1520	1559	1625
S100A4	124	114	117	85	84	117
KRT17	19701	23052	18089	25544	24537	23724
JUP	12650	13903	13274	11206	10733	11528
TGM2	7510	9267	7185	18835	19147	19935
SIRPA	3	13	8	77	105	117
EFEMP1	1259	1283	1249	1901	1946	1989
PTGES	1992	2223	1960	768	653	850
FKBP11	272	294	384	367	338	401
PKP3	4408	5517	4668	4129	3931	4276
CSTB	2624	3283	2792	2171	2203	2743
TFPI2	603	687	646	927	928	964
FYN	29	32	24	139	165	206
PERP	15484	15959	14968	15572	13850	15391
ERAP2	5258	5263	5709	6996	6851	7594
MSN	29847	33312	28829	37130	35367	39466
KYNU	1938	1712	1844	1956	1773	2159
MT1F	22	32	22	32	29	38
LPAR1	483	699	529	823	565	982
EEF1A2	8	3	8	6	5	4
TUBA4A	4085	3067	2908	4892	4744	3480
CLDN7	1381	2394	2039	1420	831	1519
CRYBG1	4699	5228	4956	4530	4299	4628
KRT33A	0	2	0	0	0	0
CAPN1	14800	18675	15068	12325	11571	13218
DSG2	16173	17227	16903	18998	17051	20025
PRSS8	1777	2113	1839	1297	1232	1332
PKP2	1103	1426	1432	1607	1493	1649
PKP1	5199	6257	5046	4498	4414	4875
TGM1	217	267	263	124	109	122
KRT31	0	0	0	0	0	0
DSP	21235	23029	22516	18415	16516	19285
TGM5	0	0	0	0	0	0
CASP14	0	0	0	0	0	1
KRT23	3	2	0	1	1	2
KRT37	0	0	0	0	0	0
KRT32	0	0	1	0	0	2
KRT18	7178	8412	7557	10257	9521	10782
PERP	15484	15959	14968	15572	13850	15391
PPL	21232	26391	22458	19665	18451	21144
CSTA	1305	1441	1434	1099	1157	1467
PI3	748	893	703	958	1022	1223
CAPNS1	5902	6711	5728	5138	4608	5030
KRT36	1	2	0	0	0	0
KRT17	19701	23052	18089	25544	24537	23724
KLK14	7	4	4	0	2	0
KLK8	7	15	7	2	0	0
KRT34	0	2	0	0	0	0
KRT33B	0	0	0	0	0	0
SPINK5	366	372	432	411	376	490
DSC2	645	614	626	494	477	529
DSG3	2081	2049	2175	1635	1375	1599
DSG1	10	5	6	4	9	11
DSC3	3239	3471	3613	3231	2739	3337
DSC1	0	0	5	2	0	0
KRT85	0	0	0	0	0	0
KRT7	33759	41273	32730	35928	32805	34843
KRT71	0	0	0	0	1	0
PCSK6	1200	1258	1085	846	865	1098
FURIN	3693	4849	3908	3695	3580	4171
CELA2A	0	0	0	0	0	0
FLG	36	37	42	43	33	43
PKP4	2671	3052	2682	2339	2076	2381
ST14	4530	5534	4532	3690	3456	3920
TCHH	22	28	30	43	39	47
LCE2B	0	0	0	0	0	0
SPRR2G	0	0	1	0	0	0
KRT84	0	0	0	0	0	0
KRT82	0	0	0	0	0	0
LCE3D	0	0	0	0	1	0
IVL	29	26	27	45	41	51
SPRR3	28	24	30	11	11	6
SPRR2D	51	37	32	64	75	70
KLK5	0	0	0	0	0	0
KLK13	43	54	38	5	4	10
KRT80	964	1224	1054	830	618	665
KRT1	2	0	0	0	0	0
EVPL	1404	2377	1822	1024	817	880
KRT24	0	0	0	0	0	0
SPRR1B	688	904	787	281	266	342
SPRR1A	163	215	176	48	41	46
KRT8	15614	17376	12793	10494	10935	12361
KRT78	8	6	10	11	18	11
KRT86	2	5	4	4	4	6
KRT75	0	2	0	3	10	2
KRT6C	87	129	94	121	129	119
KRT4	320	324	339	28	37	35
KRT74	0	0	1	0	0	2
KRT72	0	0	0	0	0	0
KRT83	1	1	4	1	2	0
KRT19	53649	69051	57108	49284	44419	52314
KRT15	905	1045	815	904	976	904
KRT38	0	0	0	0	0	0
KRT13	11566	14197	11805	1506	1148	1174
KRT9	2	1	3	0	2	3
KRT20	0	0	0	0	0	0
KRT27	0	0	0	0	0	0
LCE1D	0	0	0	0	0	0
KRT2	0	0	2	0	0	0
LIPM	0	0	0	0	0	0
JUP	12650	13903	13274	11206	10733	11528
KRT28	0	0	0	0	0	0
DSG4	0	0	1	0	0	0
SPINK6	0	0	0	0	0	0
PKP3	4408	5517	4668	4129	3931	4276
KRT76	0	0	0	0	0	0
KRT6B	90	126	109	243	209	248
KRT79	0	0	2	0	2	0
LCE3A	0	0	0	0	0	0
LCE3E	0	0	1	2	2	0
KRT73	0	0	0	0	0	0
KRT5	44890	53957	43305	43418	47138	50946
LCE5A	4	7	3	3	2	0
LCE1E	0	0	0	0	0	3
KRT26	0	0	0	0	0	0
KRT10	265	320	295	208	224	255
KRT3	0	0	0	0	2	0
KLK12	0	0	0	0	0	0
KRT16	65	72	61	47	49	43
LCE1A	0	0	0	0	0	0
KRT14	108	152	136	208	170	187
LCE4A	0	0	0	0	0	0
LCE2A	0	0	0	0	0	0
LCE2C	0	0	0	0	0	0
LCE2D	0	0	0	0	0	0
LCE3B	0	0	0	0	0	0
KRT12	0	0	0	0	0	0
KRT77	4	3	4	1	0	2
KAZN	101	109	81	130	114	120
LCE1B	0	0	0	0	0	0
SPRR2B	3	6	1	3	2	4
KRT39	0	0	0	0	2	0
KRT35	0	0	0	0	0	0
LCE1C	0	0	0	0	1	0
LOR	0	0	0	0	0	0
LELP1	0	0	0	0	0	0
SPRR2E	9	5	5	10	11	5
LIPN	0	0	0	0	0	0
LIPK	1	2	0	0	2	2
LIPJ	4	12	8	5	3	10
KRT40	0	0	0	0	0	1
KRT25	0	0	0	0	0	0
SPINK9	0	0	0	0	0	0
KRT6A	27679	33958	28112	36693	34865	38206
KRT81	0	2	0	4	0	5
RPTN	1	3	6	10	4	8
LCE6A	0	0	0	0	0	0
LCE1F	0	0	0	0	0	0
SPRR2A	37	35	21	58	60	59
LCE3C	0	0	0	0	0	0
SPRR2F	9	4	2	2	6	2
C1orf68	0	0	0	1	1	0
CDSN	0	0	0	0	0	0
PKP3	4408	5517	4668	4129	3931	4276
RPTN	1	3	6	10	4	8
CST6	0	2	0	2	1	8
DSG4	0	0	1	0	0	0
CSTA	1305	1441	1434	1099	1157	1467
LELP1	0	0	0	0	0	0
SPRR4	1	0	0	0	0	0
DSC1	0	0	5	2	0	0
DSC2	645	614	626	494	477	529
DSC3	3239	3471	3613	3231	2739	3337
DSG1	10	5	6	4	9	11
DSG2	16173	17227	16903	18998	17051	20025
DSG3	2081	2049	2175	1635	1375	1599
DSP	21235	23029	22516	18415	16516	19285
LCE4A	0	0	0	0	0	0
EVPL	1404	2377	1822	1024	817	880
FLG	36	37	42	43	33	43
KAZN	101	109	81	130	114	120
LCE5A	4	7	3	3	2	0
LCE2B	0	0	0	0	0	0
ANXA1	8738	9287	9549	8301	7981	9072
LCE1A	0	0	0	0	0	0
LCE1B	0	0	0	0	0	0
LCE1C	0	0	0	0	1	0
LCE1D	0	0	0	0	0	0
LCE1E	0	0	0	0	0	3
LCE1F	0	0	0	0	0	0
LCE2A	0	0	0	0	0	0
LCE2C	0	0	0	0	0	0
LCE2D	0	0	0	0	0	0
LCE3A	0	0	0	0	0	0
LCE3B	0	0	0	0	0	0
LCE3C	0	0	0	0	0	0
LCE3E	0	0	1	2	2	0
IVL	29	26	27	45	41	51
JUP	12650	13903	13274	11206	10733	11528
KRT1	2	0	0	0	0	0
KRT2	0	0	2	0	0	0
KRT10	265	320	295	208	224	255
HRNR	0	0	0	0	0	0
FLG2	0	0	0	0	0	0
LOR	0	0	0	0	0	0
PI3	748	893	703	958	1022	1223
PKP1	5199	6257	5046	4498	4414	4875
PKP2	1103	1426	1432	1607	1493	1649
PPL	21232	26391	22458	19665	18451	21144
PRR9	0	0	0	0	0	0
EVPLL	0	0	0	0	0	0
SPRR1A	163	215	176	48	41	46
SPRR1B	688	904	787	281	266	342
SPRR2A	37	35	21	58	60	59
SPRR2B	3	6	1	3	2	4
SPRR2D	51	37	32	64	75	70
SPRR2E	9	5	5	10	11	5
SPRR2F	9	4	2	2	6	2
SPRR2G	0	0	1	0	0	0
SPRR3	28	24	30	11	11	6
TGM1	217	267	263	124	109	122
TCHH	22	28	30	43	39	47
CNFN	17	14	11	15	7	20
LCE3D	0	0	0	0	1	0
PKP4	2671	3052	2682	2339	2076	2381
SCEL	759	803	1007	949	936	1155
TPSAB1	0	0	0	0	0	0
S100A9	920	1286	982	1628	1515	1660
EFS	29	36	33	15	14	17
IVL	29	26	27	45	41	51
RORA	39	23	21	124	94	145
SDC1	6655	5957	5167	5320	4064	2580
EHF	6339	6077	4125	6830	6198	7012
SLPI	2903	3765	3525	3421	3175	2638
MAP7	1197	1343	1301	1315	1101	1295
SLC1A4	32	44	42	89	103	92
CXCL14	68	56	58	62	54	71
KRT33A	0	2	0	0	0	0
MAST4	1044	1197	1154	992	847	1053
DSG1	10	5	6	4	9	11
KLK11	424	487	435	75	79	89
ASPA	0	0	0	0	0	0
KRT10	265	320	295	208	224	255
KLF4	501	549	515	822	627	755
AHNAK	103735	113502	104140	74429	67836	80021
TP63	2682	5694	2658	2854	2611	3029
LAMB3	7743	10306	8770	8508	8579	10151
ACKR4	5	4	13	1	6	6
NLRX1	559	673	496	376	391	385
SPRR1B	688	904	787	281	266	342
NRCAM	0	0	0	34	22	45
FERMT1	2841	3066	2769	3468	3225	3652
SLC2A1	4626	5084	4302	5211	4496	5498
S100P	644	849	769	294	348	414
BCL11A	45	55	51	63	84	75
CLCA2	210	181	192	449	387	462
NET1	3718	4070	4170	4375	3941	4761
ABCC3	1344	1495	1479	1631	1534	1799
CTXND1	0	0	0	1	0	0
TUFT1	569	668	385	833	793	959
KRT6B	90	126	109	243	209	248
CDA	367	462	384	606	588	620
DUOX1	437	527	437	333	333	412
ITM2A	0	0	0	0	0	0
SRD5A1	1351	1547	1400	1237	1214	1304
PKP3	4408	5517	4668	4129	3931	4276
ITGB4	10655	13452	10985	17603	16989	18818
ALDH2	59	71	84	21	26	26
CALML3	2	2	1	2	0	0
PLP2	4740	5546	4778	4272	4191	4866
LOR	0	0	0	0	0	0
AKR1C1	2945	3099	2857	2890	2612	3185
SCNN1A	3884	4482	4016	2849	2392	2935
DPP6	0	0	0	0	0	0
AREG	1057	1168	1110	878	818	1015
ARHGEF4	516	671	569	788	712	937
THBD	3367	3898	3394	4031	3972	4530
DSC3	3239	3471	3613	3231	2739	3337
PCSK2	0	0	0	0	0	0
SERPINB3	1100	1130	1304	450	391	572
PTGS1	1281	1376	1258	1055	931	1400
HOPX	0	0	0	2	0	0
KRT17	19701	23052	18089	25544	24537	23724
LAD1	3865	4979	3659	4435	3783	4381
S100A7	0	3	0	9	1	4
KLK7	0	0	0	0	2	0
CLTB	1265	2048	1618	2212	1498	1522
KRT23	3	2	0	1	1	2
PLXNC1	12	11	6	16	17	15
MYO6	1735	1787	1770	1628	1662	2005
GJA1	1665	1721	1712	3532	3397	3607
PRELP	1	0	0	0	0	0
PI3	748	893	703	958	1022	1223
LYPD3	1292	1521	1284	1100	1094	1184
JAG1	6551	7763	6959	10320	9490	10776
CA12	92	109	96	225	196	182
ETS2	3417	3784	3338	4797	4466	5195
ZNF750	122	134	132	41	38	46
EPHB6	634	889	774	395	479	578
CYP26B1	398	497	400	411	370	181
TYRP1	3	4	0	3	4	0
KCND3	15	11	19	10	18	30
ALDH3B2	15	27	19	4	7	6
EXPH5	187	202	199	171	140	201
MMP28	33	36	38	3	10	9
DSG3	2081	2049	2175	1635	1375	1599
COBL	19	14	21	96	93	80
CDS1	669	686	768	515	498	603
SPRR1A	163	215	176	48	41	46
ARAP2	450	478	586	465	396	519
FCGBP	6	12	3	10	10	22
F2RL1	751	873	295	933	941	974
CHN2	27	19	9	48	65	46
MPZL2	5304	5755	5551	5445	4636	5297
SFN	19396	25156	21730	23957	24232	26547
S100A14	8920	9133	9344	5773	6187	7342
FGFBP1	691	755	701	210	189	261
EPPK1	1646	1943	1840	1162	1119	1440
IMPA2	247	278	170	153	133	214
DUSP7	2522	3161	2800	3203	3161	3486
HCAR3	511	510	488	256	233	281
ZNF185	3428	3857	3250	4620	4537	4931
IRX4	0	0	0	0	0	0
DSC1	0	0	5	2	0	0
ELMO3	1491	1847	1440	967	932	986
FHOD3	684	763	718	1062	952	1089
KRT6A	27679	33958	28112	36693	34865	38206
MAF	3	5	3	9	11	9
AQP3	41058	45314	38522	28707	26604	30580
EGFR	14385	14979	14495	11782	10800	12615
SSH3	2052	2479	2533	1107	2200	2267
POU2F3	13	21	13	29	16	22
EPHX3	5	5	4	5	0	2
ANK3	989	1030	1090	1104	1118	1307
ARHGAP32	1242	1429	1281	881	752	913
FST	5030	6008	5347	5995	5924	6626
NMU	230	290	273	128	120	116
ASS1	2111	2256	2124	1227	1156	1419
ABLIM1	4438	4847	4515	4681	4640	5061
TUBA4A	4085	3067	2908	4892	4744	3480
PALMD	291	293	275	463	473	519
ENPP2	0	0	0	2	1	1
FLG	36	37	42	43	33	43
ABCA12	364	353	377	270	232	264
FXYD3	12406	14218	12341	6443	5773	6516
LGR5	0	0	0	0	0	2
KLF5	6884	7303	7385	5866	5249	6272
GPX2	1047	1496	1280	1021	842	924
FGFR3	2360	3030	2694	1046	857	1066
TACSTD2	19792	23865	20702	16402	15481	17431
PRSS3	525	647	623	655	656	787
PPL	21232	26391	22458	19665	18451	21144
TRIM29	7642	9602	8516	3888	3786	4267
NEBL	89	95	61	53	90	89
ST14	4530	5534	4532	3690	3456	3920
CDHR1	0	0	0	0	0	0
FGFR2	0	0	0	0	0	0
LSR	2935	3635	3129	2399	2262	2718
PAK6	779	949	681	756	655	630
PDZK1IP1	698	836	894	1070	973	1061
GABRE	1242	1322	1293	1721	1528	1834
MST1R	2677	3902	3121	3349	2953	3715
BCL11B	111	115	109	161	135	179
CD24P2	0	0	0	0	0	0
CD24	2582	2350	2258	3968	3592	3748
DSC2	645	614	626	494	477	529
GATA3	42	37	53	30	30	46
DSP	21235	23029	22516	18415	16516	19285
KRT14	108	152	136	208	170	187
JUP	12650	13903	13274	11206	10733	11528
TMEM45A	1067	1037	997	1092	901	1096
CXADR	757	753	846	983	831	1067
IRF6	6966	7697	6857	5750	5353	6044
KLK10	460	748	747	163	132	167
FAT2	10664	11955	10491	10639	9964	12084
HAL	41	33	50	59	53	55
CDH1	11283	12341	11249	10034	9292	10117
CRYBG1	4699	5228	4956	4530	4299	4628
RAB25	1231	1275	1266	854	792	1020
SERPINB13	794	743	819	200	135	172
KLK8	7	15	7	2	0	0
S100A2	14059	21092	16155	15819	16129	17320
INAVA	1512	1898	1505	1720	1718	1914
SCUBE2	0	0	0	0	0	2
MT1M	6	11	7	10	11	10
PTPRZ1	50	42	54	34	22	28
CRYBG2	580	819	720	251	163	270
KRT31	0	0	0	0	0	0
MAPK13	2681	3410	2757	2200	2161	2355
BICD2	2588	3039	2607	2690	2423	2780
MCOLN3	541	588	694	706	609	631
CWH43	0	0	0	0	0	0
ABHD2	4827	5157	4624	4507	4006	4599
GNA15	1397	1749	1402	1725	1571	1885
IL1R2	1	5	0	25	10	16
TFAP2B	0	0	0	0	0	0
NFIB	486	490	462	560	531	654
DEFB1	56	46	47	16	12	15
WNT5A	0	0	0	0	0	0
KRT19	53649	69051	57108	49284	44419	52314
COL7A1	14634	18131	16145	14015	13807	15351
COL17A1	34392	41604	36327	38107	36263	41411
DGKA	1923	1914	1725	1539	1461	1578
AP1G2	1993	2373	2113	1868	1809	1893
CCL27	3	3	6	5	3	3
KRT1	2	0	0	0	0	0
CALML5	1	0	4	0	0	0
COL4A6	8419	9696	8486	13390	12752	14213
PRDX2	2232	2512	2144	2830	2717	2906
TFAP2C	0	0	0	0	0	0
CA2	147	182	180	146	154	168
BBOX1	0	0	0	0	0	0
CKMT1B	1565	1685	1611	1036	961	1075
CTNNBIP1	1347	1410	1397	1155	1066	1313
NAP1L2	1	5	7	0	3	3
DST	3262	3725	5256	6326	6112	8367
PERP	15484	15959	14968	15572	13850	15391
PLPPR4	0	0	0	2	5	3
FZD10	0	0	0	0	0	0
ANXA8	5008	6141	6512	4891	4858	6308
AKR1B10	1413	1499	1359	1207	1031	1238
QPCT	0	0	0	0	4	4
GRHL2	2219	2462	2232	1774	1797	1957
STAP2	618	850	709	517	482	538
EVPL	1404	2377	1822	1024	817	880
VSNL1	2	9	6	6	3	8
MATN2	111	85	88	49	50	57
CTNND1	8184	15654	15541	7331	8772	14744
HLF	15	15	9	48	24	24
GPR87	1198	1297	1226	1404	1277	1312
ADCY2	0	0	0	0	0	0
PKP1	5199	6257	5046	4498	4414	4875
PRSS8	1777	2113	1839	1297	1232	1332
KRT5	44890	53957	43305	43418	47138	50946
CD207	0	0	0	0	0	0
RAPGEFL1	1857	2230	2030	744	846	983
LTB4R	292	192	253	318	413	446
KLRF1	0	0	0	2	0	0
CHP2	6	8	10	0	1	2
KRT16	65	72	61	47	49	43
SCGB2A2	0	0	0	0	0	0
NTRK2	3	5	0	31	33	39
SOX15	585	816	705	676	672	791
DNASE1L3	0	0	1	0	2	4
KRT15	905	1045	815	904	976	904
ZBED2	397	465	390	1239	1180	1232
MAL	0	0	0	0	0	0
TPD52L1	1369	1660	1408	1101	1085	1210
PTCH1	248	309	297	340	339	331
CST6	0	2	0	2	1	8
FCER1A	0	0	0	0	0	0
PYCARD	206	282	273	194	172	163
BMP7	0	0	2	2	3	0
SPINK5	366	372	432	411	376	490
DIO2	37	29	28	39	47	18
PER2	728	962	856	817	756	884
TM4SF1	2037	2047	1970	1224	1063	1111
BTG1	1471	1394	1383	1288	1264	1351
SPINT2	13048	16739	14011	9198	8911	9299
CPA3	0	0	0	0	0	0
CFH	1937	1988	2328	3023	2783	3314
ITPR3	7808	9465	7982	8365	7896	8813
KIT	8	11	7	39	28	51
TXNIP	2763	2717	2415	3852	3439	3693
CLIC3	36	35	23	11	11	10
S100A8	4	16	8	24	15	33
SERPINB4	106	101	130	58	64	94
LGALS7	0	0	0	0	0	1
SOWAHC	566	603	633	788	717	795
ECHDC2	98	108	115	99	113	107
LTF	0	0	0	0	0	0
CDH3	9568	11685	10263	8755	8026	9481
ESRP2	1360	1493	1292	1100	1016	1031
LY6D	816	863	788	24	24	39
GJB3	2058	2561	2327	2285	2284	2505
CTSG	0	0	0	0	2	3
SCEL	759	803	1007	949	936	1155
TP53AIP1	2	2	2	4	2	1
CSTA	1305	1441	1434	1099	1157	1467
LAMA3	8932	9738	8911	12137	11550	12857
LAMC2	23015	25718	22277	27895	25761	28106
C1orf116	2315	2762	2413	2268	2159	2540
HPSE	254	273	239	307	349	400
CTNNB1	6684	7016	6468	7161	7145	7438
EGFR	14385	14979	14495	11782	10800	12615
ERBB2	1899	2482	2030	1463	1332	1532
BRMS1	958	1197	1033	875	1137	1228
HIF1A	7591	7711	9593	12345	11571	16378
BIRC5	1012	1134	1112	943	823	1045
ITGB1	14728	15369	17755	24869	19580	22615
CD82	1708	2466	1585	1528	1763	1444
KRAS	1438	1485	1510	1598	1385	1701
MET	10855	11002	11102	9881	9091	10433
MMP2	0	3	1	1	1	3
MMP9	23	14	20	112	118	156
NME1	1962	2403	2022	1959	1910	2136
PEBP1	4061	4789	4110	4458	4286	4702
TMEM140	71	78	67	60	40	73
PTEN	182	209	213	168	193	229
PTGS2	1074	1033	1135	1204	989	1291
S100A4	124	114	117	85	84	117
CXCL12	0	0	0	0	0	0
SPP1	33	67	45	29	43	51
BRAF	1004	992	1078	948	868	974
STAT3	2685	3091	2839	3055	3055	3523
TGFB1	2058	2583	2236	2268	2280	2516
TP53	0	0	0	0	0	0
TWIST1	0	0	0	0	0	0
VEGFA	0	0	0	0	0	0
VEGFC	63	60	62	66	76	85
EZR	12528	14845	13250	13679	13356	14735
CXCR4	0	0	0	0	0	1
CD44	8917	8533	8617	9521	8104	9995
CDH1	11283	12341	11249	10034	9292	10117
AFDN	1838	2171	2167	2610	2351	2572
PTPRM	188	205	233	761	602	724
RAC1	7318	7743	7918	5494	5924	6566
CTNNA1	8260	9225	8550	10338	9439	11103
ITGAV	3649	3673	4403	4900	4255	5373
CLDN1	4799	4791	4596	3987	3718	4296
TLN1	8525	9755	8132	9032	8388	9402
RAP1A	1311	1386	1334	1462	1188	1674
RAP1B	1195	1548	1672	1761	1941	2131
RAPGEF1	2186	2603	2360	2311	2248	2293
PDGFB	127	173	146	278	287	283
NECTIN1	20136	24118	20606	19563	19079	22213
F11R	5889	6193	4630	5413	5188	6966
PIP5K1C	860	1066	877	998	985	1047
VAV2	2720	3305	2909	2583	2395	2772
PVR	1121	1272	853	1202	982	1257
CDH1	11283	12341	11249	10034	9292	10117
PTK2	2913	2631	2754	2319	2082	2409
CTNNB1	6684	7016	6468	7161	7145	7438
PDGFRB	0	0	0	1	1	0
ITGB3	14	17	11	100	89	113
FARP2	993	1152	1019	989	873	932
NECTIN2	4206	5031	3988	2857	2815	3219
NECTIN3	391	378	450	399	420	485
PIK3R1	183	255	288	217	267	392
SRC	4496	5400	4688	5132	5138	5535
CDC42	8718	8561	8549	8316	7814	9526
PIK3CA	421	426	629	474	517	544
CRK	156	127	127	198	191	190
IQGAP1	8801	11379	11539	9773	9408	8173
LAMA5	27848	35643	31066	27965	27694	30582
RXRA	4692	5971	5223	4534	4560	5043
ERBB2	1899	2482	2030	1463	1332	1532
ERBB3	1800	2114	1794	1235	1135	1299
YWHAZ	21930	21081	23303	25548	20736	21083
CDH1	11283	12341	11249	10034	9292	10117
PRKCA	881	1016	919	1129	1127	1286
MET	10855	11002	11102	9881	9091	10433
LAMA2	52	74	76	55	53	50
LAMB1	8276	9472	8487	10051	9456	10851
LAMB3	7743	10306	8770	8508	8579	10151
YWHAB	2941	8851	6992	5190	3223	4128
CD9	7286	7526	7347	4277	4054	4634
LAMA3	8932	9738	8911	12137	11550	12857
HRAS	551	700	531	399	389	398
GRB2	1883	2719	2244	1799	1891	2291
COL17A1	34392	41604	36327	38107	36263	41411
EGFR	14385	14979	14495	11782	10800	12615
PMP22	14	9	6	37	26	29
YWHAG	10010	11171	9977	8388	7829	8756
LAMC2	23015	25718	22277	27895	25761	28106
SHC1	5731	6844	5946	7073	6895	7816
YWHAQ	3019	3402	2936	3287	3155	3330
RXRB	0	0	0	0	0	0
PIK3CA	421	426	629	474	517	544
YWHAH	1950	2146	1902	2042	1864	2015
LAMA4	0	2	0	2	0	6
LAMB2	0	1	0	0	0	0
ITGB1	14728	15369	17755	24869	19580	22615
IL1A	3068	3233	3095	4808	4335	5045
LAMC1	8573	9612	8233	9042	8149	9429
EGF	16	20	13	15	4	8
AKT1	0	0	0	0	0	0
MST1R	2677	3902	3121	3349	2953	3715
CASP7	1204	1344	1172	1245	1136	1358
RPS6KB1	702	711	741	802	780	962
ITGB4	10655	13452	10985	17603	16989	18818
PIK3R1	183	255	288	217	267	392
RXRG	0	0	0	0	0	0
YWHAE	234	191	202	239	195	203
ITGA6	10262	9929	9824	9991	8996	10514
RAC1	7318	7743	7918	5494	5924	6566
LAMA1	0	0	0	0	0	0
SFN	19396	25156	21730	23957	24232	26547
LAMC3	0	0	0	0	0	0
MST1	60	87	73	71	71	66
TICAM1	342	516	429	471	428	439
TPBG	40	52	38	43	47	37
DDB2	1029	1220	1012	1013	853	953
SH3GL1	1926	2740	2009	2088	2138	2249
CKB	467	642	436	360	379	438
IMPA2	247	278	170	153	133	214
ITGB4	10655	13452	10985	17603	16989	18818
NOP16	887	1215	981	1394	1360	1467
MRPS12	24	34	33	19	28	24
AFG3L2	2337	2630	2258	2870	2598	2904
IGSF3	2037	2247	2026	2320	2223	2637
FLNB	24102	30587	23798	33227	31537	35965
CELSR1	6619	6362	6829	4538	4364	6025
LAD1	3865	4979	3659	4435	3783	4381
C11orf80	248	306	283	187	167	183
TP63	2682	5694	2658	2854	2611	3029
ST6GALNAC2	940	1028	995	527	493	558
SERPINB5	2086	4382	4172	4582	4372	4918
NCK1	580	585	592	580	608	649
ALDOA	17027	19367	17348	20283	18941	22355
TMEM183A	984	1121	1012	1021	1045	1148
TRIM29	7642	9602	8516	3888	3786	4267
PPP4C	2467	3109	2673	2421	2372	2721
ACTA1	0	2	0	0	3	1
JUP	12650	13903	13274	11206	10733	11528
DUSP7	2522	3161	2800	3203	3161	3486
UBE3C	4136	4559	4234	4356	3814	4203
CUL1	3149	2643	3113	2703	1951	2250
PFKP	5463	7203	6256	7323	6836	7939
DTX2	1141	1512	1220	755	815	918
BMP1	2587	3381	2860	2881	3376	3170
TUBA4A	4085	3067	2908	4892	4744	3480
NOP2	1545	1747	1453	1477	1946	1658
MBD2	1839	1805	1792	1989	1931	2289
KLF5	6884	7303	7385	5866	5249	6272
EIF3K	109	157	115	87	80	102
SDC4	8369	9407	8437	7096	6188	7319
VDAC3	2503	2801	2510	2709	2537	2883
MALL	791	1007	801	723	706	781
EPAS1	2685	3106	2818	3500	3280	4612
PHLDA2	8	9	8	6	8	4
ITGA3	16957	21329	18654	20655	20203	22786
S100A11	11752	16663	14900	13869	14080	13526
KLK10	460	748	747	163	132	167
PSMD8	4632	5681	4531	3599	3504	3734
MAST4	1044	1197	1154	992	847	1053
CAV2	6544	6889	6902	4892	4419	5326
SMTN	1571	1832	1634	1887	2077	2322
TNFRSF10B	3123	3871	3390	4499	4348	4841
COL17A1	34392	41604	36327	38107	36263	41411
PKP1	5199	6257	5046	4498	4414	4875
TNNT3	20	22	31	5	7	11
PRODH	37	26	14	6	10	9
PA2G4	6593	9314	8233	8746	8530	7711
TTLL12	2302	3010	2446	2657	2711	3637
GSTP1	19684	24094	20502	14450	12611	15545
TRIM16	583	1277	548	727	1632	486
SVIL	1230	1404	1180	1312	1328	1445
ADIRF	564	827	1001	358	321	483
FLAD1	366	635	529	504	451	518
FXYD3	12406	14218	12341	6443	5773	6516
PLEC	34108	44953	38250	35569	33848	38621
CAV1	23711	24898	24154	18942	18218	20155
MINK1	2678	3317	2823	3371	3251	3600
ALDH4A1	658	472	384	762	715	473
CEBPZ	683	697	972	959	917	1162
HSPA2	79	116	89	72	56	62
RAB31	427	368	260	624	1339	344
UBE2M	1779	2298	1968	1604	1716	1927
SLC20A2	1044	1413	1143	1773	1598	1750
GJB3	2058	2561	2327	2285	2284	2505
BAIAP2	1462	1611	1383	1114	1092	1286
LMNA	9269	11034	8840	8015	8536	8561
PRSS3	525	647	623	655	656	787
VSNL1	2	9	6	6	3	8
ITGB5	1970	2378	1875	1608	1664	1862
ITGAV	3649	3673	4403	4900	4255	5373
TGFBR1	701	849	880	683	613	358
MADCAM1	0	1	0	4	2	2
ITGA4	0	0	0	0	0	0
ITGB7	69	88	76	64	62	85
PLAU	4752	5565	4908	5415	5206	5880
SDC1	6655	5957	5167	5320	4064	2580
ITGB6	1054	999	1120	1165	1001	1236
FN1	2660	3081	2407	3582	3392	3997
VCAM1	7	12	6	0	2	0
VTN	0	0	0	0	0	0
EDIL3	7	3	10	60	47	58
FBN1	246	273	239	324	323	366
PLAUR	1109	1244	940	1342	1423	1672
ITGB8	404	374	511	385	344	452
TP63	2682	5694	2658	2854	2611	3029
WWP1	970	966	1061	1275	1177	1236
GPX2	1047	1496	1280	1021	842	924
CEBPD	848	1123	958	898	912	1202
POU2F2	579	736	623	728	797	963
STXBP4	87	103	105	147	161	180
ATM	737	742	924	1109	987	1190
FOSL2	3142	3749	3274	3995	3959	4194
RRAD	7	7	9	7	12	9
VDR	992	1209	1023	1131	1147	1244
GSK3B	2092	2268	2133	2080	1757	2137
PPP2R5A	573	651	649	581	580	571
MDM2	881	781	906	1040	959	1158
RACK1	10505	12319	10592	11123	11077	12484
NRG1	444	456	404	861	845	878
PERP	15484	15959	14968	15572	13850	15391
CDKN2A	0	0	0	0	0	0
SEC14L2	388	416	374	522	513	695
IGFBP3	6	6	6	3	0	3
CCNB2	2909	3155	2895	2248	2186	2450
TCF7L1	272	372	271	414	396	464
MRE11	1341	1334	1494	1543	1408	1536
ITGA3	16957	21329	18654	20655	20203	22786
ITCH	2640	2825	2560	2655	2337	3928
HES1	1401	1580	1473	1287	1215	1350
BDKRB2	91	269	253	171	169	166
FASN	7693	9689	8186	6321	6012	6828
YAP1	5154	5317	5246	5527	3376	5732
SFN	19396	25156	21730	23957	24232	26547
ADRM1	4053	5296	4395	4752	4675	4786
DLX6	0	0	0	0	0	0
TOP2A	9582	9731	12010	11731	10504	13157
HELLS	513	521	784	662	770	616
BRCA2	304	346	404	478	416	440
RUNX1	1292	1271	1264	1287	1181	1340
KRT14	108	152	136	208	170	187
AXL	4191	4671	4006	4032	4156	4308
NOTCH1	2855	3783	3143	2821	2757	2957
IL1A	3068	3233	3095	4808	4335	5045
KRT5	44890	53957	43305	43418	47138	50946
DLX5	0	0	0	0	2	0
COL5A1	590	718	637	1653	1610	1861
FBXW7	285	334	327	443	394	492
ADA	391	437	396	406	371	478
RAB38	793	884	814	1250	777	775
HBP1	1318	1379	1311	953	898	1013
ITGA3	16957	21329	18654	20655	20203	22786
LAMC3	0	0	0	0	0	0
LAMA3	8932	9738	8911	12137	11550	12857
LAMC2	23015	25718	22277	27895	25761	28106
COL4A4	0	3	2	10	11	16
NID2	2340	2630	2158	1918	1799	2192
LAMB1	8276	9472	8487	10051	9456	10851
ITGA6	10262	9929	9824	9991	8996	10514
LAMA1	0	0	0	0	0	0
LAMA4	0	2	0	2	0	6
COL7A1	14634	18131	16145	14015	13807	15351
NID1	81	82	86	342	417	492
LAMA5	27848	35643	31066	27965	27694	30582
ITGB4	10655	13452	10985	17603	16989	18818
COL4A2	0	1	0	0	0	6
ITGA7	29	35	20	26	14	22
LAMC1	8573	9612	8233	9042	8149	9429
ITGAV	3649	3673	4403	4900	4255	5373
HSPG2	14836	19089	16014	16695	15775	18418
ITGB1	14728	15369	17755	24869	19580	22615
ITGA2	5097	5214	3137	7650	7126	8241
COL4A3	0	0	0	0	1	2
LAMB2	0	1	0	0	0	0
COL18A1	49	91	74	102	100	133
COL4A1	3	0	0	1	5	7
COL4A5	5896	6342	6066	9113	8547	9972
LAMA2	52	74	76	55	53	50
LAMB3	7743	10306	8770	8508	8579	10151
COL4A6	8419	9696	8486	13390	12752	14213
ITGA1	449	428	526	656	558	698
FOXM1	3108	3410	3053	2737	2757	3115
GAS1	49	44	40	65	57	78
CENPF	2437	2955	4073	2964	2925	3922
SP1	4145	4420	4942	3614	3336	3717
PLK1	2658	3211	2589	2382	2327	2484
MYC	89	1387	94	1281	97	99
NFATC3	1047	1079	979	899	855	1007
BRCA2	304	346	404	478	416	440
CDK1	2205	2149	2516	2459	2258	2631
CCNE1	251	349	306	332	319	356
EP300	1425	1616	1523	2187	1993	2252
CCND1	3653	4395	3753	4711	4779	4962
LAMA4	0	2	0	2	0	6
CENPA	311	338	300	285	264	316
CREBBP	3061	3611	2389	3294	2914	3667
CCNB2	2909	3155	2895	2248	2186	2450
SKP2	1160	1252	1168	1308	1227	1404
CDKN2A	0	0	0	0	0	0
BIRC5	1012	1134	1112	943	823	1045
XRCC1	1327	1549	1405	1092	1120	1125
CDC25B	3534	4445	5049	6362	9537	6947
CKS1B	2031	2443	2081	2162	1996	2266
AURKB	860	1059	944	913	1021	1089
HIST1H2BA	0	0	0	0	0	0
CCNA2	2818	2905	2839	2713	2590	2858
CENPB	3747	4840	3979	4746	4872	5339
CDK4	2553	4124	2447	3542	2993	3701
MMP2	0	3	1	1	1	3
FOS	162	154	101	168	135	364
RB1	1130	1091	1330	1528	1355	1581
CHEK2	575	617	591	481	475	562
CCNB1	4999	5652	5226	4708	4489	4881
ESR1	24	31	20	29	40	54
MAP2K1	2559	2877	2593	2077	2349	2456
ONECUT1	0	0	0	0	1	0
NEK2	941	948	971	891	761	949
CDK2	1008	1373	1699	1066	1086	1324
GSK3A	2035	2399	1996	1828	1631	1736
ETV5	166	208	161	256	236	305
TGFA	1377	1388	1349	1911	1800	2083
CTNNB1	6684	7016	6468	7161	7145	7438
CDH1	11283	12341	11249	10034	9292	10117
AQP5	1	1	6	2	5	2
EGF	16	20	13	15	4	8
ENAH	1417	1520	1681	2013	1852	2209
AFDN	1838	2171	2167	2610	2351	2572
CTNNA1	8260	9225	8550	10338	9439	11103
VCL	8503	9526	8355	10476	9509	10287
DIAPH1	6122	5879	4848	6094	5249	6489
NCKAP1	3894	4123	4296	4143	3766	4428
VASP	2340	2985	2561	2135	2101	2114
NCK1	580	585	592	580	608	649
EXOC3	1247	1615	1399	1342	1271	1799
ZYX	2400	3030	2525	3286	3146	2648
PLEKHA7	421	495	485	253	218	231
IGF1R	2387	2896	2324	2373	2312	2582
MET	10855	11002	11102	9881	9091	10433
STX4	906	1023	962	911	861	913
HGF	0	0	0	0	0	0
ROCK1	633	862	1191	1167	1115	1447
EXOC4	640	877	664	515	467	730
LIMA1	4737	3064	4963	7152	6388	5407
MGAT3	66	86	66	3	4	5
NECTIN2	4206	5031	3988	2857	2815	3219
RHOA	7459	7657	7442	7477	6996	7910
ABI1	1404	1440	1465	1168	1229	1359
CTNND1	8184	15654	15541	7331	8772	14744
PIP5K1C	860	1066	877	998	985	1047
CAMSAP3	411	546	452	455	436	433
MYL2	0	0	0	0	1	0
EGFR	14385	14979	14495	11782	10800	12615
ACTN1	6843	7561	6243	8817	8874	10710
KIFC3	1488	1800	1556	1961	1979	2094
CYFIP2	0	0	2	7	6	6
LPP	478	378	479	685	508	1303
MYO6	1735	1787	1770	1628	1662	2005
GIT1	1419	1475	1280	1628	1464	2032
EPHA2	6788	8551	7060	8981	8354	9656
EFNA1	694	669	559	614	640	705
ARF6	3153	3708	3563	3477	3150	3774
AQP3	41058	45314	38522	28707	26604	30580
