gene	GSM590166	GSM590167	GSM590168	GSM590169	GSM590170	GSM590171
RAB25	4.46666	4.09133	4.27439	4.09821	4.40482	4.09714
THBS1	4.87102	4.90999	4.73374	5.20131	5.32054	5.13796
PLIN2	8.22139	8.20301	8.15512	8.00906	7.99239	7.93069
UGT1A10	0	0	0	0	0	0
RAB31	10.8175	10.8782	11.0173	12.0567	11.9002	11.9746
DYNLT3	10.6013	10.7281	10.566	10.9652	10.8866	10.9224
AKR1C1	3.96986	3.903	3.88193	3.9697	4.04295	4.04104
KCNK1	3.6642	3.67475	3.78928	3.61215	3.64065	3.69709
EPB41L2	9.02143	8.94343	8.94121	9.2182	9.20183	9.10799
EFNB2	6.9591	6.81667	6.92194	7.31292	7.14893	7.22588
SOX9	10.2323	9.82476	10.0836	10.5408	10.2193	10.2352
SQOR	0	0	0	0	0	0
CD55	9.40603	9.42749	9.48076	9.34265	9.40319	9.31935
ST14	5.55872	5.43441	5.52295	5.52472	5.6448	5.62924
FABP5	10.8827	10.9982	11.0308	12.4994	12.4528	12.5123
GALNT14	7.25286	7.15047	7.18574	7.73441	7.66607	7.81155
RNF128	4.0178	4.20641	4.07181	4.3974	4.17758	4.31201
FGF2	8.46627	8.53929	8.31335	8.96182	9.00183	9.05119
NMU	4.95897	4.83841	4.80919	4.54235	4.74257	4.85708
COL18A1	10.4786	10.3152	10.8522	10.6677	10.3163	10.4294
DKK3	8.29954	8.2921	8.63862	8.80717	8.42592	8.48771
VCAN	3.45548	3.53055	3.56872	3.34725	3.30069	3.70374
CDA	4.98588	4.93986	4.8774	5.00877	5.2646	5.18359
UGCG	9.30537	9.17806	9.15017	9.42824	9.37986	9.21695
AQP3	5.42088	5.35999	5.34086	5.22152	5.73451	5.47606
PLAGL1	8.32125	8.27903	8.50164	8.4478	7.8537	8.05212
CDH1	4.27451	4.14837	4.42808	3.98925	3.74402	4.01268
NR2F2	5.53941	5.36571	5.62301	5.25583	5.15746	5.08542
GALNT3	3.53155	3.67019	3.40977	3.47542	3.61147	3.53155
ZNF22	9.2688	9.23674	9.19345	9.09224	9.013	9.06757
AHNAK2	5.68048	5.64335	5.85158	5.98527	6.06206	5.83325
CCN1	0	0	0	0	0	0
SERPINE1	4.84679	5.60667	5.10271	6.32528	6.70427	6.91392
KLF5	3.68087	3.96002	3.55727	3.65988	3.48258	3.5506
KRT19	5.35193	5.6672	5.31909	4.23146	4.12809	4.1969
ADIRF	4.36156	4.44313	4.48048	4.57428	4.39685	4.60923
TNFRSF21	6.00452	6.08148	6.25612	6.29534	6.20493	6.35042
SNAI2	4.1137	4.54546	4.20596	5.52607	5.21282	5.91209
ADAMTS1	5.42804	5.38849	5.23418	5.85568	5.76597	6.04975
NNMT	4.22219	4.21919	4.25872	4.27409	4.08598	4.133
MEST	8.80494	8.82347	8.83282	9.128	9.19906	9.25574
TSPAN13	12.0581	12.1423	12.0971	11.8509	11.6107	11.7473
CTSH	8.25363	8.28577	8.33667	7.88767	7.71239	7.86668
SLC27A2	4.59965	4.28323	4.41057	3.96349	4.16901	4.10752
RHOBTB3	9.2695	9.00605	9.01938	9.50718	9.35475	9.3055
ITGB4	5.4749	5.00296	5.83604	5.05724	5.02496	5.14923
RGS20	6.94829	6.82109	6.85179	7.69673	7.60396	7.68634
GSTM3	11.8074	11.821	11.7834	11.126	11.2067	11.2976
CXCL1	5.71921	4.95414	4.8691	5.0743	5.24072	5.20204
TM4SF1	13.3369	13.3349	13.3427	13.1549	13.1255	13.1127
MT1X	10.8736	10.9279	10.9387	10.9008	10.8848	10.9294
PODXL	9.69862	9.68229	9.94061	10.0856	9.74466	9.91991
DTX4	5.07951	5.12915	5.33657	5.22715	5.40208	5.2085
EHF	3.7218	3.68574	3.70418	3.73039	3.76885	3.79004
GJB3	6.07813	6.22763	6.18282	6.31868	6.26116	6.17067
SRGN	3.52601	3.73379	3.67256	3.58631	3.64558	3.72661
PLAC8	10.7639	10.9244	10.87	10.426	10.3935	10.4402
CXADR	7.52965	7.48068	7.19559	7.34358	7.36727	7.1998
SLPI	6.11176	5.82361	5.75425	5.64546	6.04785	5.92445
AXL	6.26297	6.34306	6.35245	6.53018	6.51074	6.44019
TMEM30B	4.16902	4.13138	3.99845	3.5806	3.93737	3.92795
CD24	9.56175	9.71214	9.63406	8.50277	8.4172	8.25622
S100P	6.43901	6.33418	6.29926	5.77997	5.61005	5.52831
CST6	4.63506	4.63256	4.65967	4.77954	4.87354	4.9023
MAOA	3.50984	3.26182	3.21051	3.36772	3.22067	3.45525
COL6A2	6.61782	6.76556	7.06853	7.48144	6.87995	7.31907
MAP1B	10.5362	10.5772	10.6605	11.2918	11.2892	11.4702
LIMCH1	4.1586	3.95501	4.37907	3.91845	3.86847	4.02182
SMURF2	8.34367	8.34333	8.36578	10.0173	9.6889	9.85011
IGFBP3	5.49542	5.28883	5.50086	8.13144	7.82592	8.16001
MT1H	11.9492	12.0015	12.0009	12.0089	12.0385	12.0828
ARL4C	11.1112	11.1111	10.9962	10.815	10.983	10.8643
MT1E	12.7716	12.7694	12.7721	12.6591	12.7156	12.7298
DCBLD2	6.6003	6.58614	6.42645	6.32302	6.34921	6.48987
AKR1C3	3.55395	3.66874	3.61394	3.58875	3.67545	3.54254
TIMP3	4.19357	4.11155	4.43182	4.72905	4.40021	4.39984
GRAMD2B	0	0	0	0	0	0
TUBB6	10.251	10.347	10.3648	11.1269	11.0857	11.0907
S100A14	5.15288	5.12644	5.21615	5.39279	5.26177	5.14065
IL1A	4.23583	4.04801	4.10757	4.39248	3.89317	3.87763
SH3YL1	5.71845	5.63179	5.57141	5.64148	5.80079	5.79924
FN1	4.05542	3.86006	3.85118	3.84971	3.84971	3.95017
LGALS3	3.51041	3.34265	3.32795	3.44398	3.51576	3.36103
GJA1	7.97042	7.8739	7.84125	9.41856	9.39741	9.28344
CLU	3.96987	4.05401	4.02785	3.89246	3.92797	3.93868
MAGEA3	0	0	0	0	0	0
S100A6	13.7102	13.7738	13.7638	13.8343	13.8511	13.8897
NEDD9	4.46526	4.19604	4.18031	4.24836	4.45008	4.18963
LAD1	5.60901	5.6247	5.76378	5.41975	5.59775	5.5584
EMP3	11.6052	11.6568	11.6128	11.7891	11.8185	11.839
COL4A2	4.09098	4.14098	3.96745	4.45458	4.41612	4.42054
GNG11	10.0802	10.1328	10.1277	10.1063	9.75135	10.0538
SACS	8.1495	8.29447	8.56406	8.93986	8.63078	8.7585
GALNT1	9.31367	9.3144	9.21849	10.4671	10.2466	10.1753
TXNIP	9.42424	9.50428	9.09504	5.60753	5.59278	5.64763
CDH3	6.54485	6.63495	6.71648	6.17971	5.9939	6.24287
HMGA2	4.59541	4.5644	4.23713	5.51441	5.48323	5.56548
OLR1	3.67357	3.65042	3.73031	3.43582	3.56766	3.53822
RBPMS	3.9105	4.09098	3.80951	4.1299	4.13336	3.86637
EPS8	9.65592	9.68422	9.61333	9.74956	9.60916	9.66685
AGR2	12.1596	12.1288	12.2022	9.62939	9.52	9.66454
IGF2BP2	8.98977	8.99433	8.94161	9.53012	9.3805	9.51324
LAMA3	3.7897	3.96002	3.73926	3.85554	3.77445	3.90942
JAG1	4.88403	5.19935	4.89232	5.32457	5.33836	5.4158
SFN	9.2385	9.20509	9.22782	9.23022	9.24888	9.26448
SCNN1A	5.23207	5.30334	5.1135	4.92048	5.14081	4.94638
TACSTD2	4.94657	4.91417	4.99796	5.23295	5.12846	5.18304
PPL	9.8248	9.85906	9.97813	7.84176	7.51195	7.68981
CHST15	9.72906	9.653	9.68985	9.76616	9.55571	9.6603
FOSL1	8.16326	8.22301	8.30814	9.32861	9.1702	9.28213
PTGS2	3.61736	3.39658	3.56424	3.73577	3.90429	3.62256
S100A2	6.89585	6.98744	6.86211	9.17548	9.01519	9.13561
F2RL1	9.45836	9.63747	9.47154	11.9382	11.8824	11.7154
COL4A1	4.78726	4.70931	4.46749	4.97645	5.2163	5.3474
GATA3	6.35395	6.37958	6.41571	6.82149	6.4763	6.63827
CLDN4	5.06914	5.14601	4.97927	5.02402	5.20225	5.21633
PDGFC	11.2982	11.34	11.241	11.0261	10.9444	11.0055
FXYD3	6.54293	6.49717	6.5046	6.31803	6.53018	6.56673
TNFAIP2	5.49639	5.43506	5.46188	5.64028	5.64694	5.63729
MAPK13	5.77557	5.7109	5.53805	5.74465	5.82047	5.89378
ARHGDIB	6.24026	6.12299	6.21408	6.23884	6.25668	6.22395
MTUS1	4.28146	4.35618	4.25449	4.27614	4.29127	4.24606
DAPK1	6.60044	6.61944	6.58848	5.96812	5.64956	5.86677
IGFBP6	5.98235	5.82828	5.99156	5.38495	5.72516	5.60118
BST2	4.75994	4.59167	4.65678	4.8695	4.71124	4.62839
IGFBP7	8.36178	8.24378	8.2228	8.39625	8.3913	8.31704
SPINT1	5.28236	5.28883	5.37933	4.95633	5.15369	5.1576
GLIPR1	5.59843	5.49307	5.51185	6.48172	6.58426	6.5473
H2BFS	11.6884	11.6931	11.7331	11.5276	11.5951	11.5913
ASAH1	9.98026	10.0389	9.82798	9.62038	9.86092	9.6717
ARID5B	3.6976	3.82519	3.74648	3.87501	3.78495	3.91902
RAC2	4.38127	4.25195	4.5157	4.22523	4.2364	4.43451
FBLN1	7.86605	7.76243	8.085	7.42566	7.36423	7.54831
ANXA8	0	0	0	0	0	0
ARHGAP29	4.32169	4.1065	4.3416	4.16479	3.97678	4.03264
LIMA1	8.83355	8.74908	8.73337	8.39228	8.50151	8.42242
ESRP1	4.96048	4.86062	4.89558	5.03452	5.04545	4.89117
TSPAN4	10.2277	10.2343	10.2267	9.03778	8.8582	9.02371
AKAP2	0	0	0	0	0	0
EPAS1	9.09606	9.12594	9.3055	11.6313	11.4307	11.575
DSE	3.64621	3.62986	3.55179	3.6056	3.63451	3.61978
MT2A	13.406	13.4635	13.4434	13.5738	13.5091	13.5565
MT1G	11.5461	11.542	11.4915	11.6138	11.6461	11.6817
TRIM29	5.42656	5.42136	5.42507	5.30251	5.34262	5.40046
AKAP12	4.66853	4.69234	4.78298	4.72444	4.6502	4.54579
WWTR1	10.3043	10.2561	10.3089	10.3867	10.3977	10.3372
KRT7	6.90803	6.65518	6.75593	6.92426	7.12473	6.99142
WNT5A	6.1584	5.88499	5.89821	6.12465	5.98512	6.10348
KRT18	13.0438	13.0428	13.0051	11.7853	11.7433	11.8159
GLUL	8.23539	8.38973	8.18199	7.92054	7.84064	7.87596
GPR87	3.51625	3.57815	3.28245	3.58822	3.68377	3.78014
VIM	4.12458	4.03204	4.03612	4.79777	5.25239	5.80103
VGLL1	5.74922	5.47292	5.46886	5.49608	5.86935	5.81136
BICC1	4.52776	4.34224	4.50039	4.29761	4.46138	4.38762
TGFBI	11.7524	11.6261	11.8004	13.0997	13.0066	13.0997
EPCAM	8.53884	8.66542	8.65798	8.02718	7.72869	7.71734
PTGER4	6.38114	6.77148	6.54691	5.91429	6.07865	6.10128
CAPG	10.3081	10.3809	10.4311	11.1437	11.0119	11.1278
PIR	9.93406	9.99164	9.95643	10.2627	10.0691	10.2291
LOXL2	5.54613	5.59635	5.70449	7.034	6.50073	6.66326
TPM2	11.4126	11.4874	11.5998	12.6798	12.4445	12.5258
S100A4	11.6559	11.7283	11.794	12.0594	12.0524	12.1804
KRT17	4.65337	4.46899	4.37376	4.85268	4.93258	4.83846
JUP	10.5567	10.511	10.7724	8.82251	8.68756	8.76024
TGM2	6.22124	5.95333	6.24052	7.98347	7.96594	8.13041
SIRPA	5.12304	4.94566	4.92488	5.15063	5.04852	5.15924
EFEMP1	8.74674	8.8395	8.74817	8.04605	7.61288	7.79502
PTGES	5.94081	5.79625	5.74466	5.80676	5.9311	5.56095
FKBP11	9.46595	9.52509	9.49752	10.2086	10.084	10.2353
PKP3	4.84117	4.86766	4.96996	4.72764	5.08616	4.99318
CSTB	13.0897	13.1013	13.1087	13.263	13.233	13.2645
TFPI2	3.81737	3.52601	3.74682	4.12773	4.38971	4.07092
FYN	8.61428	8.68514	8.66912	8.99935	8.79692	8.91582
PERP	3.56989	3.48615	3.56103	3.57653	3.65548	3.53962
ERAP2	3.33398	3.30089	3.22783	3.42823	3.39412	3.50457
MSN	9.70045	9.72619	9.89338	10.5335	10.4315	10.4988
KYNU	5.21485	5.45026	5.24471	5.08478	5.14492	5.34836
MT1F	9.67302	9.7429	9.75298	9.62411	9.59	9.46347
LPAR1	7.79544	7.90917	8.12274	7.60469	7.36014	7.28246
EEF1A2	11.5162	11.521	11.7119	11.2849	11.2413	11.282
TUBA4A	7.15126	7.38465	7.25371	11.1418	11.1987	11.1736
CLDN7	6.45825	6.53631	6.25238	5.96339	6.64807	6.40469
CRYBG1	0	0	0	0	0	0
KRT33A	4.84252	5.08838	4.95771	5.05061	5.10468	5.12121
CAPN1	8.37106	8.21635	8.43758	8.39625	8.19312	8.35279
DSG2	8.32602	8.3281	8.19578	9.13205	8.91604	8.85271
PRSS8	4.31972	4.221	4.39695	4.40253	4.27322	4.14856
PKP2	3.58528	3.53402	3.42731	3.41605	3.42054	3.50454
PKP1	4.50632	4.60251	4.53563	4.44645	4.58585	4.29173
TGM1	4.97099	4.91128	4.91128	4.91128	5.14681	5.3303
KRT31	4.20114	4.17947	3.96416	4.35107	4.06711	4.13365
DSP	10.0566	10.0465	10.3103	10.0026	9.7481	9.88334
TGM5	5.87786	5.70598	5.69043	5.61446	5.73996	5.77346
CASP14	4.17019	4.06493	4.07582	3.95112	4.21041	4.09595
KRT23	4.07234	3.72298	4.07747	3.80531	3.84846	3.91079
KRT37	4.82373	4.82373	4.19642	5.07047	4.86134	4.76191
KRT32	5.40745	5.39738	5.5013	5.11319	5.45966	5.47119
KRT18	13.0438	13.0428	13.0051	11.7853	11.7433	11.8159
PERP	3.56989	3.48615	3.56103	3.57653	3.65548	3.53962
PPL	9.8248	9.85906	9.97813	7.84176	7.51195	7.68981
CSTA	4.27035	4.13282	4.1024	4.97303	4.62842	4.81323
PI3	4.29829	4.15971	4.27391	4.37822	4.38196	4.32509
CAPNS1	12.833	12.8448	12.8805	12.8331	12.8257	12.8506
KRT36	4.3266	4.20125	4.29491	4.03374	4.40087	4.02396
KRT17	4.65337	4.46899	4.37376	4.85268	4.93258	4.83846
KLK14	6.21657	6.16676	6.17791	6.09197	6.16794	6.17488
KLK8	3.86165	3.87846	3.80762	4.00225	3.97797	3.7627
KRT34	0	0	0	0	0	0
KRT33B	4.73451	4.61417	4.41205	4.4649	4.84613	4.74479
SPINK5	4.4212	4.13772	4.10408	4.06063	4.15772	4.26653
DSC2	4.96982	5.00158	4.78378	5.12143	5.41146	5.44495
DSG3	4.42773	4.36504	4.29803	4.1705	4.42208	4.23708
DSG1	3.53149	3.71012	3.65431	3.76418	3.74709	3.64331
DSC3	4.89137	4.95331	5.03898	4.69356	4.78001	4.94154
DSC1	3.46251	3.50289	3.41258	3.69227	3.81204	3.59599
KRT85	4.94218	4.7859	4.71513	4.54267	4.79519	4.89019
KRT7	6.90803	6.65518	6.75593	6.92426	7.12473	6.99142
KRT71	4.88922	4.77707	4.89047	4.87153	4.87028	4.98368
PCSK6	4.4607	4.40523	4.23427	4.20366	4.4321	4.37738
FURIN	7.25743	7.29454	7.48852	8.02449	7.86574	7.82623
CELA2A	4.34437	4.35939	4.37651	4.30932	4.32962	4.31318
FLG	3.54786	3.33547	3.45494	3.38269	3.30175	3.35792
PKP4	7.86426	7.82826	8.04685	8.17075	7.81058	7.94241
ST14	5.55872	5.43441	5.52295	5.52472	5.6448	5.62924
TCHH	3.76887	3.91608	3.80766	3.79743	3.70529	3.9608
LCE2B	3.90844	3.47015	3.78665	3.88346	3.86311	3.59114
SPRR2G	4.69261	4.6585	4.70062	4.8382	4.91697	4.56148
KRT84	4.36353	4.20606	4.40767	4.4043	4.21877	4.35099
KRT82	4.62976	4.74133	4.77301	4.72022	4.88577	4.80313
LCE3D	4.58649	4.59131	4.58166	4.57728	4.5818	4.69937
IVL	4.34558	4.26478	4.3281	4.34404	4.2106	4.27588
SPRR3	5.01852	5.06585	4.85176	4.84252	4.85924	5.01602
SPRR2D	0	0	0	0	0	0
KLK5	5.05986	5.06943	5.06943	4.94882	5.14228	5.38232
KLK13	5.55386	5.23568	5.34285	5.47956	5.36588	5.42885
KRT80	6.56419	6.67219	6.58717	6.7565	6.45551	6.48343
KRT1	4.34548	4.26318	4.14977	4.26933	4.29001	4.15804
EVPL	6.07318	6.08666	6.34017	6.09961	5.99657	5.93535
KRT24	4.67371	4.77342	4.52335	5.02074	4.89612	4.79124
SPRR1B	3.94541	3.92349	3.88762	4.05209	3.97045	4.04742
SPRR1A	4.29934	4.31793	3.98705	4.14809	4.18686	4.08808
KRT8	11.3577	11.4123	11.5798	9.2988	9.19019	9.32234
KRT78	4.64084	4.45483	4.4551	4.29087	4.27335	4.3918
KRT86	0	0	0	0	0	0
KRT75	4.62311	4.54338	4.71952	4.82471	4.75947	4.67108
KRT6C	6.32232	6.31609	6.20676	6.2756	6.43998	6.48921
KRT4	4.69366	4.48975	4.44655	4.49918	4.5317	4.64037
KRT74	4.80479	4.74738	4.79645	4.75162	4.85924	4.81005
KRT72	5.01219	4.9577	4.92524	5.14381	5.00873	5.02329
KRT83	4.84128	4.9464	4.77464	4.92196	5.10545	4.97881
KRT19	5.35193	5.6672	5.31909	4.23146	4.12809	4.1969
KRT15	5.23602	5.20716	5.21523	4.52761	4.31451	4.40392
KRT38	5.05724	5.18406	5.12121	5.06718	5.0562	4.84016
KRT13	3.71797	3.7436	3.85368	3.81529	3.68837	3.87574
KRT9	5.37424	5.01053	5.13658	4.98582	5.12116	5.35611
KRT20	3.81591	3.59397	3.78949	3.67934	3.79809	3.94534
KRT27	3.49544	3.67386	3.67386	3.73577	3.64065	3.78552
LCE1D	0	0	0	0	0	0
KRT2	4.30609	4.20275	4.19626	4.60097	4.356	4.06629
LIPM	0	0	0	0	0	0
JUP	10.5567	10.511	10.7724	8.82251	8.68756	8.76024
KRT28	0	0	0	0	0	0
DSG4	3.45798	3.43785	3.37841	3.56048	3.32142	3.45019
SPINK6	3.98988	3.95351	3.93041	3.98203	3.89365	3.95351
PKP3	4.84117	4.86766	4.96996	4.72764	5.08616	4.99318
KRT76	4.7119	4.72192	4.65633	4.63366	4.82455	4.31461
KRT6B	6.46469	6.24974	6.2858	6.00428	6.25708	6.24974
KRT79	4.51473	4.50708	4.54266	4.49918	4.74314	4.5561
LCE3A	0	0	0	0	0	0
LCE3E	0	0	0	0	0	0
KRT73	4.29213	3.99649	4.23907	4.04304	4.28689	4.12016
KRT5	5.5806	5.57971	5.63349	5.33985	5.52682	5.60893
LCE5A	0	0	0	0	0	0
LCE1E	5.69413	5.4389	5.59131	5.20077	5.55249	5.58678
KRT26	0	0	0	0	0	0
KRT10	10.9591	11.0325	11.0701	11.4003	11.234	11.2986
KRT3	4.09377	4.12659	4.16215	4.26584	4.53357	3.97016
KLK12	5.69291	5.63653	5.52875	5.69421	5.60524	5.69291
KRT16	3.74091	4.03661	4.12902	4.63705	4.63705	4.7468
LCE1A	0	0	0	0	0	0
KRT14	4.37241	4.14745	4.13302	4.16614	4.21737	4.20294
LCE4A	0	0	0	0	0	0
LCE2A	0	0	0	0	0	0
LCE2C	0	0	0	0	0	0
LCE2D	0	0	0	0	0	0
LCE3B	0	0	0	0	0	0
KRT12	3.58019	3.85675	3.90203	3.53986	3.7082	3.7411
KRT77	4.29723	4.37734	4.29537	4.39248	4.74641	4.19067
KAZN	8.15122	8.21431	8.10286	8.63515	8.41751	8.41588
LCE1B	4.41033	4.29235	4.2869	4.1006	4.23072	4.30555
SPRR2B	5.32143	5.26256	5.43821	5.3899	5.30585	5.32507
KRT39	0	0	0	0	0	0
KRT35	3.58799	3.64328	3.75567	3.76006	3.71115	3.53716
LCE1C	0	0	0	0	0	0
LOR	4.91612	4.93412	4.95595	4.97065	5.06226	4.69902
LELP1	3.6763	3.85129	3.74863	3.87288	3.79437	3.68577
SPRR2E	0	0	0	0	0	0
LIPN	0	0	0	0	0	0
LIPK	0	0	0	0	0	0
LIPJ	3.63871	3.838	3.73968	3.7565	3.65306	3.60817
KRT40	3.14805	3.17104	3.17048	3.18369	3.11093	3.14207
KRT25	3.58893	3.57916	3.50119	3.83683	3.8333	3.52921
SPINK9	0	0	0	0	0	0
KRT6A	3.53809	3.51614	3.60218	3.65922	3.69801	3.5626
KRT81	5.35971	5.36969	5.54832	5.25543	5.50971	5.33165
RPTN	3.78318	3.70707	3.54253	3.58629	3.52161	3.54452
LCE6A	0	0	0	0	0	0
LCE1F	0	0	0	0	0	0
SPRR2A	0	0	0	0	0	0
LCE3C	0	0	0	0	0	0
SPRR2F	0	0	0	0	0	0
C1orf68	4.63226	4.5977	4.66855	4.30146	4.99584	5.06051
CDSN	5.27719	5.18245	5.21949	4.88761	5.28539	5.23905
PKP3	4.84117	4.86766	4.96996	4.72764	5.08616	4.99318
RPTN	3.78318	3.70707	3.54253	3.58629	3.52161	3.54452
CST6	4.63506	4.63256	4.65967	4.77954	4.87354	4.9023
DSG4	3.45798	3.43785	3.37841	3.56048	3.32142	3.45019
CSTA	4.27035	4.13282	4.1024	4.97303	4.62842	4.81323
LELP1	3.6763	3.85129	3.74863	3.87288	3.79437	3.68577
SPRR4	7.10423	7.25874	7.11358	6.75932	7.31563	7.09834
DSC1	3.46251	3.50289	3.41258	3.69227	3.81204	3.59599
DSC2	4.96982	5.00158	4.78378	5.12143	5.41146	5.44495
DSC3	4.89137	4.95331	5.03898	4.69356	4.78001	4.94154
DSG1	3.53149	3.71012	3.65431	3.76418	3.74709	3.64331
DSG2	8.32602	8.3281	8.19578	9.13205	8.91604	8.85271
DSG3	4.42773	4.36504	4.29803	4.1705	4.42208	4.23708
DSP	10.0566	10.0465	10.3103	10.0026	9.7481	9.88334
LCE4A	0	0	0	0	0	0
EVPL	6.07318	6.08666	6.34017	6.09961	5.99657	5.93535
FLG	3.54786	3.33547	3.45494	3.38269	3.30175	3.35792
KAZN	8.15122	8.21431	8.10286	8.63515	8.41751	8.41588
LCE5A	0	0	0	0	0	0
LCE2B	3.90844	3.47015	3.78665	3.88346	3.86311	3.59114
ANXA1	10.5729	10.6103	10.5266	10.6101	10.6831	10.6508
LCE1A	0	0	0	0	0	0
LCE1B	4.41033	4.29235	4.2869	4.1006	4.23072	4.30555
LCE1C	0	0	0	0	0	0
LCE1D	0	0	0	0	0	0
LCE1E	5.69413	5.4389	5.59131	5.20077	5.55249	5.58678
LCE1F	0	0	0	0	0	0
LCE2A	0	0	0	0	0	0
LCE2C	0	0	0	0	0	0
LCE2D	0	0	0	0	0	0
LCE3A	0	0	0	0	0	0
LCE3B	0	0	0	0	0	0
LCE3C	0	0	0	0	0	0
LCE3E	0	0	0	0	0	0
IVL	4.34558	4.26478	4.3281	4.34404	4.2106	4.27588
JUP	10.5567	10.511	10.7724	8.82251	8.68756	8.76024
KRT1	4.34548	4.26318	4.14977	4.26933	4.29001	4.15804
KRT2	4.30609	4.20275	4.19626	4.60097	4.356	4.06629
KRT10	10.9591	11.0325	11.0701	11.4003	11.234	11.2986
HRNR	0	0	0	0	0	0
FLG2	3.94463	3.96215	3.5159	3.44865	3.62192	3.6845
LOR	4.91612	4.93412	4.95595	4.97065	5.06226	4.69902
PI3	4.29829	4.15971	4.27391	4.37822	4.38196	4.32509
PKP1	4.50632	4.60251	4.53563	4.44645	4.58585	4.29173
PKP2	3.58528	3.53402	3.42731	3.41605	3.42054	3.50454
PPL	9.8248	9.85906	9.97813	7.84176	7.51195	7.68981
PRR9	3.96002	4.09098	3.98107	4.07139	4.24074	3.72007
EVPLL	4.8034	4.84082	4.59196	4.67676	4.9976	4.88583
SPRR1A	4.29934	4.31793	3.98705	4.14809	4.18686	4.08808
SPRR1B	3.94541	3.92349	3.88762	4.05209	3.97045	4.04742
SPRR2A	0	0	0	0	0	0
SPRR2B	5.32143	5.26256	5.43821	5.3899	5.30585	5.32507
SPRR2D	0	0	0	0	0	0
SPRR2E	0	0	0	0	0	0
SPRR2F	0	0	0	0	0	0
SPRR2G	4.69261	4.6585	4.70062	4.8382	4.91697	4.56148
SPRR3	5.01852	5.06585	4.85176	4.84252	4.85924	5.01602
TGM1	4.97099	4.91128	4.91128	4.91128	5.14681	5.3303
TCHH	3.76887	3.91608	3.80766	3.79743	3.70529	3.9608
CNFN	6.40073	6.45366	6.60011	5.91397	5.87053	5.72792
LCE3D	4.58649	4.59131	4.58166	4.57728	4.5818	4.69937
PKP4	7.86426	7.82826	8.04685	8.17075	7.81058	7.94241
SCEL	3.18684	3.16644	3.11968	3.22472	3.21849	3.19808
TPSAB1	5.26581	5.08469	5.20493	5.21464	5.35531	5.35511
S100A9	4.11119	4.08743	4.03118	4.02773	4.13494	4.21923
EFS	3.8701	3.93302	3.94517	3.92013	4.06808	3.87157
IVL	4.34558	4.26478	4.3281	4.34404	4.2106	4.27588
RORA	3.80813	3.90312	3.96056	4.05361	4.19745	3.89152
SDC1	8.95465	8.97528	9.03724	9.38813	9.45653	9.50351
EHF	3.7218	3.68574	3.70418	3.73039	3.76885	3.79004
SLPI	6.11176	5.82361	5.75425	5.64546	6.04785	5.92445
MAP7	5.87379	5.92003	6.09585	7.73093	7.5881	7.66924
SLC1A4	9.65306	9.51904	9.73441	10.0912	9.97875	10.0625
CXCL14	3.86192	3.7806	3.61658	3.69715	3.80429	3.92646
KRT33A	4.84252	5.08838	4.95771	5.05061	5.10468	5.12121
MAST4	4.89553	4.81575	4.73574	4.73991	4.85977	4.75951
DSG1	3.53149	3.71012	3.65431	3.76418	3.74709	3.64331
KLK11	4.53087	4.77484	4.76332	4.85773	4.77873	4.8799
ASPA	4.29926	4.15214	4.05093	3.89326	4.31225	4.11056
KRT10	10.9591	11.0325	11.0701	11.4003	11.234	11.2986
KLF4	4.71711	4.84619	4.75407	4.64089	4.73383	4.74683
AHNAK	5.66865	5.45055	5.33732	5.22864	5.70407	5.34664
TP63	3.72506	3.72094	3.60025	3.48646	3.59937	3.62493
LAMB3	4.33123	4.61784	4.4134	5.02153	4.97481	4.72307
ACKR4	3.7016	3.6651	3.52442	3.60691	3.88124	3.81497
NLRX1	6.95881	6.9813	7.03037	6.94339	6.64663	6.97107
SPRR1B	3.94541	3.92349	3.88762	4.05209	3.97045	4.04742
NRCAM	4.1149	4.05559	4.0218	3.92857	4.24578	4.06059
FERMT1	7.07896	7.16241	6.94054	7.79139	7.81181	7.73415
SLC2A1	3.68322	3.64099	3.63348	4.15368	3.93582	3.72571
S100P	6.43901	6.33418	6.29926	5.77997	5.61005	5.52831
BCL11A	6.09172	6.10412	6.01802	5.84141	6.21823	6.23783
CLCA2	3.74036	3.67379	3.59921	3.83923	3.72342	3.87355
NET1	8.27627	8.28733	8.58992	8.13367	7.70106	7.82877
ABCC3	9.96592	10.0334	10.1645	9.98886	9.73681	9.87075
CTXND1	0	0	0	0	0	0
TUFT1	10.3428	10.2746	10.2613	10.6487	10.563	10.558
KRT6B	6.46469	6.24974	6.2858	6.00428	6.25708	6.24974
CDA	4.98588	4.93986	4.8774	5.00877	5.2646	5.18359
DUOX1	3.87588	3.9273	4.0274	3.92022	3.86251	3.9381
ITM2A	3.58528	3.54615	3.46054	3.64729	3.41076	3.33609
SRD5A1	8.43464	8.46217	8.43697	8.90407	8.61993	8.69969
PKP3	4.84117	4.86766	4.96996	4.72764	5.08616	4.99318
ITGB4	5.4749	5.00296	5.83604	5.05724	5.02496	5.14923
ALDH2	9.13433	9.16217	9.1855	8.98619	8.7954	8.85655
CALML3	4.40636	4.35939	4.52426	4.53262	4.48738	4.51407
PLP2	12.5506	12.5339	12.5174	12.7154	12.6659	12.6989
LOR	4.91612	4.93412	4.95595	4.97065	5.06226	4.69902
AKR1C1	3.96986	3.903	3.88193	3.9697	4.04295	4.04104
SCNN1A	5.23207	5.30334	5.1135	4.92048	5.14081	4.94638
DPP6	4.92128	4.60524	4.52988	4.51395	4.75448	4.52463
AREG	3.21511	3.26718	3.20849	3.35788	3.08581	3.3064
ARHGEF4	4.2842	4.41929	4.21089	4.34352	4.49812	4.20366
THBD	3.8188	4.13367	3.76474	3.91193	3.97997	3.93168
DSC3	4.89137	4.95331	5.03898	4.69356	4.78001	4.94154
PCSK2	3.94041	3.78546	3.7533	3.72072	3.67196	3.65372
SERPINB3	4.0084	4.01191	4.01191	4.04465	4.05821	4.17142
PTGS1	5.34461	5.23716	4.95795	5.27958	5.28301	5.27069
HOPX	3.68316	3.88897	3.85301	3.64097	3.6585	3.69018
GSTT1	9.87451	9.92426	9.91924	9.63805	9.63364	9.7242
KRT17	4.65337	4.46899	4.37376	4.85268	4.93258	4.83846
LAD1	5.60901	5.6247	5.76378	5.41975	5.59775	5.5584
S100A7	4.08635	4.29	4.10275	3.74906	4.15165	4.12476
KLK7	4.92359	4.98599	4.90712	4.82713	5.03056	4.95331
CLTB	8.2719	8.2719	8.43095	9.53216	9.51093	9.48659
KRT23	4.07234	3.72298	4.07747	3.80531	3.84846	3.91079
PLXNC1	4.18866	4.18271	4.16488	4.17809	4.03413	4.27729
MYO6	8.47177	8.00425	8.1358	8.65681	8.03776	8.16114
GJA1	7.97042	7.8739	7.84125	9.41856	9.39741	9.28344
PRELP	4.57816	4.39933	4.26534	4.24863	4.45947	4.33638
PI3	4.29829	4.15971	4.27391	4.37822	4.38196	4.32509
LYPD3	6.56326	6.50802	6.29483	5.90955	6.33731	6.37312
JAG1	4.88403	5.19935	4.89232	5.32457	5.33836	5.4158
CA12	5.2145	5.08933	5.07033	5.29325	5.66335	5.46607
ETS2	9.54393	9.52291	9.66329	10.3247	10.3218	10.2949
ZNF750	3.31133	3.41434	3.15655	3.2162	3.54428	3.26493
EPHB6	5.85276	5.71393	5.93696	6.42231	6.27043	6.41814
CYP26B1	8.03964	8.01523	8.17938	8.49012	8.46206	8.51997
TYRP1	3.3743	3.39598	3.36029	3.41256	3.46335	3.48076
KCND3	5.00126	5.0136	4.90005	5.43527	5.16762	5.08808
ALDH3B2	3.66465	3.62725	3.73634	3.57061	3.67092	3.77077
EXPH5	3.59344	3.61865	3.53407	3.58289	3.83078	3.6471
MMP28	4.14648	4.24317	4.08867	4.29537	4.18017	4.27523
DSG3	4.42773	4.36504	4.29803	4.1705	4.42208	4.23708
COBL	3.69089	3.88591	3.86299	3.89081	3.97187	3.88077
CDS1	7.26694	7.05551	6.95542	7.43575	7.28937	7.2845
SPRR1A	4.29934	4.31793	3.98705	4.14809	4.18686	4.08808
ARAP2	4.39248	4.3919	4.492	4.319	4.39927	4.26458
FCGBP	7.22803	7.22241	7.66572	6.78851	6.48188	6.54577
F2RL1	9.45836	9.63747	9.47154	11.9382	11.8824	11.7154
CHN2	5.03669	4.96154	4.83074	4.96729	5.05592	5.13326
MPZL2	3.37383	3.28925	3.41815	3.37383	3.33609	3.51117
SFN	9.2385	9.20509	9.22782	9.23022	9.24888	9.26448
S100A14	5.15288	5.12644	5.21615	5.39279	5.26177	5.14065
FGFBP1	4.53306	4.38662	4.52886	4.31461	4.52201	4.32616
EPPK1	6.26725	6.15781	6.22216	5.61013	5.77589	5.69995
IMPA2	8.35382	8.28295	8.3701	8.38716	8.36212	8.36212
DUSP7	6.84777	6.98259	7.03624	7.50807	7.17252	7.38936
HCAR3	4.44184	4.46353	4.58307	4.29851	4.33944	4.36171
ZNF185	8.4382	8.37646	8.44422	7.91024	7.90828	8.01313
IRX4	4.59965	4.84268	4.84252	4.69597	4.82625	4.71399
DSC1	3.46251	3.50289	3.41258	3.69227	3.81204	3.59599
ELMO3	4.71395	4.51109	4.73292	4.71354	4.69896	4.81806
FHOD3	4.81082	4.42511	4.76439	7.0721	6.56359	6.70313
KRT6A	3.53809	3.51614	3.60218	3.65922	3.69801	3.5626
MAF	3.32819	3.27989	3.26925	3.11718	3.36689	3.41329
AQP3	5.42088	5.35999	5.34086	5.22152	5.73451	5.47606
EGFR	6.22884	5.90444	6.2613	6.09392	6.43221	6.35114
SSH3	7.65283	7.62019	7.48815	7.188	7.22603	7.30078
POU2F3	3.51013	3.43587	3.46257	3.59849	3.35417	3.56338
EPHX3	4.74001	4.41917	4.57537	4.50009	4.46611	4.57166
ANK3	3.76208	3.44954	3.77591	3.66352	3.79018	3.67734
ARHGAP32	8.083	8.21134	8.13909	8.67031	8.80413	8.89727
FST	6.66876	6.71628	6.6891	7.06369	7.40753	7.21513
NMU	4.95897	4.83841	4.80919	4.54235	4.74257	4.85708
ASS1	9.99928	10.0486	10.1113	9.46992	9.36292	9.36639
ABLIM1	10.4782	10.4602	10.696	10.6249	10.5306	10.6353
TUBA4A	7.15126	7.38465	7.25371	11.1418	11.1987	11.1736
PALMD	3.56686	3.6635	3.59577	3.69765	3.67403	3.82393
ENPP2	3.77059	3.73577	3.56612	3.59799	3.73405	3.74786
FLG	3.54786	3.33547	3.45494	3.38269	3.30175	3.35792
ABCA12	3.55521	3.68032	3.42479	3.59654	3.44064	3.52713
FXYD3	6.54293	6.49717	6.5046	6.31803	6.53018	6.56673
LGR5	4.27125	4.20128	4.26813	4.1895	3.94929	4.11055
KLF5	3.68087	3.96002	3.55727	3.65988	3.48258	3.5506
GPX2	5.40081	5.08933	5.13895	5.20595	5.22152	5.1746
FGFR3	7.44954	7.45691	7.6119	7.47299	7.1594	7.3839
TACSTD2	4.94657	4.91417	4.99796	5.23295	5.12846	5.18304
PRSS3	5.07218	4.88215	4.9067	4.95466	5.04855	4.75531
PPL	9.8248	9.85906	9.97813	7.84176	7.51195	7.68981
TRIM29	5.42656	5.42136	5.42507	5.30251	5.34262	5.40046
NEBL	11.0162	11.0209	11.1073	10.0772	9.97058	10.0328
ST14	5.55872	5.43441	5.52295	5.52472	5.6448	5.62924
CDHR1	4.23623	4.45898	4.25665	4.0765	4.16108	4.09504
FGFR2	5.99958	6.14355	6.22207	5.37041	5.4222	5.23026
LSR	8.18113	8.17465	8.39947	7.94383	7.86932	8.00298
PAK6	6.29323	6.19372	6.42231	5.71534	5.96187	5.74504
PDZK1IP1	4.06382	4.14254	3.94341	4.35408	4.13012	4.11208
GABRE	0	0	0	0	0	0
MST1R	6.54136	6.51124	6.58878	6.47689	6.50701	6.34394
BCL11B	3.92349	3.92682	3.96002	3.92682	3.9169	4.10615
CD24P2	0	0	0	0	0	0
CD24	9.56175	9.71214	9.63406	8.50277	8.4172	8.25622
DSC2	4.96982	5.00158	4.78378	5.12143	5.41146	5.44495
GATA3	6.35395	6.37958	6.41571	6.82149	6.4763	6.63827
DSP	10.0566	10.0465	10.3103	10.0026	9.7481	9.88334
KRT14	4.37241	4.14745	4.13302	4.16614	4.21737	4.20294
JUP	10.5567	10.511	10.7724	8.82251	8.68756	8.76024
TMEM45A	10.2001	10.269	10.2993	10.687	10.899	10.7449
CXADR	7.52965	7.48068	7.19559	7.34358	7.36727	7.1998
IRF6	4.05395	3.94583	3.82308	3.97199	4.16784	3.81804
KLK10	4.36745	4.44262	4.49921	4.42768	4.18822	4.4036
FAT2	4.83619	4.66177	4.70943	4.58317	4.79357	5.00836
HAL	3.84144	3.78785	3.81503	3.82992	3.93863	4.05467
CDH1	4.27451	4.14837	4.42808	3.98925	3.74402	4.01268
CRYBG1	0	0	0	0	0	0
RAB25	4.46666	4.09133	4.27439	4.09821	4.40482	4.09714
SERPINB13	3.3886	3.45829	3.54853	3.22522	3.31271	3.40057
KLK8	3.86165	3.87846	3.80762	4.00225	3.97797	3.7627
S100A2	6.89585	6.98744	6.86211	9.17548	9.01519	9.13561
INAVA	0	0	0	0	0	0
SCUBE2	5.92477	5.90701	6.07875	4.68834	4.742	4.38849
MT1M	3.60604	4.15047	3.89011	3.73577	3.72543	3.94871
PTPRZ1	3.27896	3.55436	3.50278	3.5594	3.58528	3.60205
CRYBG2	0	0	0	0	0	0
KRT31	4.20114	4.17947	3.96416	4.35107	4.06711	4.13365
MAPK13	5.77557	5.7109	5.53805	5.74465	5.82047	5.89378
BICD2	4.4547	4.29768	4.34802	4.47015	4.70496	4.52138
MCOLN3	5.72812	5.62422	5.45282	5.47537	5.9791	5.70035
CWH43	4.5516	4.49861	4.56668	4.63008	4.69658	4.47378
ABHD2	7.73259	7.50439	7.29323	7.84528	7.8047	7.9146
GNA15	4.75199	4.78496	4.58975	4.86667	4.98576	4.90163
IL1R2	3.80153	3.77941	3.71954	3.61966	3.80425	3.8744
TFAP2B	3.53171	3.65975	3.6073	3.72176	3.84653	3.72571
NFIB	9.19182	9.2423	9.29745	8.69726	8.63478	8.67398
DEFB1	4.25718	4.52539	4.25718	4.49167	4.33201	4.23607
WNT5A	6.1584	5.88499	5.89821	6.12465	5.98512	6.10348
KRT19	5.35193	5.6672	5.31909	4.23146	4.12809	4.1969
COL7A1	6.17494	6.17556	5.92825	8.57899	8.95178	8.90698
COL17A1	4.6569	4.6263	4.65337	4.65494	4.62825	4.70452
DGKA	5.93706	6.02054	6.07067	6.16049	6.23457	6.08226
AP1G2	7.45714	7.20971	7.27703	7.75623	7.6101	7.50386
CCL27	4.33072	4.12582	4.45898	4.31461	4.36494	4.48183
KRT1	4.34548	4.26318	4.14977	4.26933	4.29001	4.15804
AOPEP	0	0	0	0	0	0
CALML5	4.15968	4.18787	4.28532	4.09944	4.44075	4.33731
COL4A6	3.632	3.75429	3.71537	3.46288	3.61172	3.62976
PRDX2	5.42471	5.22696	5.205	4.94817	4.72654	4.70227
TFAP2C	9.60625	9.57633	9.62024	8.15229	7.86984	7.98348
CA2	7.83302	7.88277	7.83834	8.02538	8.07084	8.08358
BBOX1	3.64914	3.58863	3.45542	3.50351	3.5649	3.86
CKMT1B	0	0	0	0	0	0
CTNNBIP1	8.71151	8.72344	8.7575	8.14626	8.1576	8.17806
NAP1L2	6.95525	6.87152	6.87152	6.46399	6.62404	6.5169
DST	3.70707	3.50336	3.53365	3.36112	3.47289	3.71302
PERP	3.56989	3.48615	3.56103	3.57653	3.65548	3.53962
PLPPR4	3.69832	3.59099	3.54941	3.56203	3.4547	3.60361
FZD10	3.60242	3.82834	3.50697	3.5707	3.57557	3.47071
ANXA8	0	0	0	0	0	0
AKR1B10	4.09753	4.04721	3.92654	3.99524	4.23885	4.20212
QPCT	9.39671	9.39305	9.38309	11.0088	10.6251	10.8114
GRHL2	3.91124	4.09454	4.09759	4.04068	4.08362	4.09595
STAP2	6.29447	6.42125	6.32411	6.47485	6.34256	6.2667
EVPL	6.07318	6.08666	6.34017	6.09961	5.99657	5.93535
VSNL1	4.95721	4.92983	4.92983	4.89439	4.93679	4.92287
MATN2	0	0	0	0	0	0
CTNND1	0	0	0	0	0	0
HLF	3.79812	3.65082	3.69912	3.79238	3.69242	3.80348
GPR87	3.51625	3.57815	3.28245	3.58822	3.68377	3.78014
ADCY2	4.79424	4.74457	4.74614	4.70536	4.78765	5.00302
PKP1	4.50632	4.60251	4.53563	4.44645	4.58585	4.29173
PRSS8	4.31972	4.221	4.39695	4.40253	4.27322	4.14856
KRT5	5.5806	5.57971	5.63349	5.33985	5.52682	5.60893
CD207	4.16451	4.19807	4.13642	4.21935	4.39685	4.07378
RAPGEFL1	6.51298	6.46136	6.3826	6.27286	6.40543	6.55339
LTB4R	5.31451	5.20131	5.20079	5.19602	5.20549	5.67885
KLRF1	6.04799	6.07724	6.08153	5.48161	5.29516	5.58834
CHP2	4.68712	4.6787	4.37189	4.52755	4.64822	4.80384
KRT16	3.74091	4.03661	4.12902	4.63705	4.63705	4.7468
SCGB2A2	3.52134	3.38697	3.44704	3.17665	3.45625	3.40034
NTRK2	5.10713	5.09888	5.13405	4.93239	5.20878	5.15903
SOX15	5.34928	5.32336	5.29019	5.15366	5.40368	5.4384
DNASE1L3	4.8367	4.77863	4.84482	4.80471	4.87882	4.92759
KRT15	5.23602	5.20716	5.21523	4.52761	4.31451	4.40392
ZBED2	3.61572	3.86362	3.52908	3.703	3.60342	3.6942
MAL	5.34039	5.43537	5.48616	5.37016	5.3433	5.30166
TPD52L1	6.802	6.49053	6.53981	5.4071	5.9921	6.28759
PTCH1	3.97173	4.04078	3.68122	3.8333	3.98748	3.81039
CST6	4.63506	4.63256	4.65967	4.77954	4.87354	4.9023
FCER1A	3.73577	3.61283	3.7146	3.5689	3.91744	3.69145
PYCARD	9.88297	9.98448	9.9728	9.52275	9.38232	9.5805
BMP7	8.86301	8.78801	8.89803	7.95081	7.67251	7.85094
SPINK5	4.4212	4.13772	4.10408	4.06063	4.15772	4.26653
DIO2	4.45898	4.46926	4.37824	4.23551	4.69227	4.34755
PER2	8.82244	8.82254	8.70839	8.0697	8.09433	8.16111
TM4SF1	13.3369	13.3349	13.3427	13.1549	13.1255	13.1127
BTG1	3.92349	3.86167	3.8537	3.80164	3.82951	3.79484
SPINT2	12.5783	12.5843	12.6469	12.0599	12.2115	12.1794
CPA3	4.00323	3.93053	4.11738	3.94687	4.03333	4.05742
CFH	4.43096	4.22771	4.3323	4.17152	4.21105	4.09002
ITPR3	4.59965	4.54951	4.78243	5.04618	4.76669	4.90275
KIT	4.4988	4.44129	4.56699	4.54876	4.45898	4.44797
TXNIP	9.42424	9.50428	9.09504	5.60753	5.59278	5.64763
CLIC3	7.36177	7.38555	7.45367	7.84216	7.69798	8.01028
S100A8	3.56589	3.67888	3.82305	3.41062	3.84846	3.61754
SERPINB4	4.34257	4.33111	4.35654	4.25328	4.33507	4.68286
LGALS7	0	0	0	0	0	0
SOWAHC	9.80259	9.79552	9.76378	10.1764	10.0489	10.0636
ECHDC2	9.71785	9.66696	9.75691	9.01937	8.97158	9.06163
LTF	4.9005	4.98908	4.85134	4.8073	5.22628	5.03175
CDH3	6.54485	6.63495	6.71648	6.17971	5.9939	6.24287
ESRP2	0	0	0	0	0	0
LY6D	4.7686	4.5588	4.49857	4.4986	4.66336	4.81523
GJB3	6.07813	6.22763	6.18282	6.31868	6.26116	6.17067
CTSG	4.76877	4.54498	4.49157	4.5822	4.7615	4.60137
SCEL	3.18684	3.16644	3.11968	3.22472	3.21849	3.19808
TP53AIP1	3.75786	3.70707	3.9009	3.82772	3.85366	3.52983
CSTA	4.27035	4.13282	4.1024	4.97303	4.62842	4.81323
LAMA3	3.7897	3.96002	3.73926	3.85554	3.77445	3.90942
LAMC2	5.85325	5.7763	6.02469	7.49049	7.37464	7.44327
C1orf116	3.7938	3.76474	3.59492	3.61283	3.68238	3.70458
HPSE	5.84514	5.66246	5.81212	6.28765	6.23055	6.21677
CTNNB1	5.51967	5.80665	5.70265	5.5937	5.55605	5.45087
EGFR	6.22884	5.90444	6.2613	6.09392	6.43221	6.35114
ERBB2	4.73227	4.46897	4.5813	4.45898	4.65136	4.58908
BRMS1	9.36257	9.37056	9.33492	9.46196	9.46882	9.44541
HIF1A	12.425	12.4271	12.3723	12.3723	12.2973	12.3368
BIRC5	6.91599	7.00318	6.74026	7.22668	6.91191	6.92794
ITGB1	12.2077	12.2211	12.2205	12.7092	12.6809	12.6121
CD82	7.4303	7.29038	7.16384	7.31913	7.49359	7.45299
KRAS	4.22173	4.33997	4.0901	4.32806	4.41093	4.42054
MET	10.2693	10.3031	10.3705	10.9063	10.4503	10.5943
MMP2	3.77274	3.68142	3.58009	3.64065	3.86311	3.80425
MMP9	5.54537	5.81721	5.80188	5.64967	5.70174	5.77487
NME1	12.798	12.8358	12.7864	13.4197	13.4003	13.4201
PEBP1	10.6568	10.7302	10.826	10.3101	10.4	10.3634
TMEM140	5.79795	6.00669	6.08937	5.51436	5.68136	5.66311
PTEN	9.47257	9.55376	9.49479	10.0273	9.79049	9.89731
PTGS2	3.61736	3.39658	3.56424	3.73577	3.90429	3.62256
S100A4	11.6559	11.7283	11.794	12.0594	12.0524	12.1804
CXCL12	5.1188	5.00801	4.93048	5.16373	5.12857	5.2303
SPP1	3.36125	3.34622	3.25692	3.29178	3.43119	3.5802
BRAF	8.56765	8.66544	8.54167	8.08696	8.24235	8.2661
STAT3	11.7089	11.6876	11.7731	11.1999	10.9992	11.0148
TGFB1	4.1829	4.10875	4.24578	4.31696	4.37877	4.45898
TP53	9.36891	9.27593	9.32634	9.34175	9.2995	9.3613
TWIST1	3.42768	3.42279	3.69122	3.42585	3.67503	3.37363
VEGFA	10.5971	10.6506	10.5403	10.9799	10.851	10.9201
VEGFC	8.47101	8.3174	8.48727	9.58249	9.38522	9.4361
EZR	9.17723	9.42783	9.04295	9.36516	9.43929	9.25241
CXCR4	5.47589	5.33228	5.15097	5.32297	5.49137	5.42286
CD44	10.922	10.964	10.8329	11.2936	11.3696	11.2937
CDH1	4.27451	4.14837	4.42808	3.98925	3.74402	4.01268
AFDN	5.00783	4.86769	5.13592	5.46121	5.43916	5.51298
PTPRM	5.77345	5.79972	5.95516	6.06495	5.93151	6.07405
RAC1	4.59211	4.6184	4.64207	4.57423	4.39882	4.56293
CTNNA1	9.54195	9.74563	9.53629	9.84596	9.74634	9.63965
ITGAV	12.1635	12.1505	12.307	12.885	12.8016	12.9174
CLDN1	8.51538	8.77102	8.53909	9.52163	9.45579	9.45396
TLN1	7.53559	7.04748	8.08519	8.25559	7.73979	7.98882
RAP1A	5.22684	5.2536	5.24166	5.11332	5.35389	5.38565
RAP1B	12.1681	12.24	12.219	12.429	12.4003	12.3573
RAPGEF1	5.23601	5.56014	5.45117	5.60656	5.72054	5.96667
PDGFB	7.98001	7.99846	8.07648	8.33353	8.28004	8.37104
NECTIN1	4.7648	4.43133	4.48455	4.58702	4.71231	4.65748
F11R	8.46996	8.42611	8.34001	8.86667	8.80036	8.68344
PIP5K1C	7.64849	7.60197	7.82972	7.78301	7.52681	7.62636
VAV2	6.56405	6.68351	6.8266	6.93985	6.87535	6.8088
PVR	7.1915	7.33317	7.28368	7.69197	7.76918	7.86558
CDH1	4.27451	4.14837	4.42808	3.98925	3.74402	4.01268
PTK2	4.15876	4.20445	4.09471	4.22681	4.12773	4.20389
CTNNB1	5.51967	5.80665	5.70265	5.5937	5.55605	5.45087
PDGFRB	4.03569	4.39081	4.18324	4.31461	4.46745	4.24307
ITGB3	4.74245	4.95825	4.71079	6.39085	6.39204	6.06517
FARP2	3.80949	3.6286	3.75244	3.94047	3.90595	3.93428
NECTIN2	8.11081	8.19213	8.22558	8.07258	8.115	8.21419
NECTIN3	5.92514	5.76277	5.80827	6.60688	6.26891	6.28979
PIK3R1	7.11425	6.96996	7.32707	6.5274	6.42231	6.36388
SRC	3.69155	3.60453	3.77271	3.73577	4.08367	3.81786
CDC42	12.4477	12.334	11.9857	12.6528	12.5947	12.413
PIK3CA	8.99694	9.04581	8.97821	8.85996	8.76073	8.84
CRK	10.3633	10.3951	10.4626	10.4654	10.3956	10.3779
IQGAP1	11.6873	11.6278	11.8052	11.5152	11.3317	11.3868
LAMA5	9.32834	9.24249	9.75837	8.6811	8.36201	8.58893
RXRA	5.85019	5.37105	5.86837	5.70957	5.88988	5.92364
ERBB2	4.73227	4.46897	4.5813	4.45898	4.65136	4.58908
ERBB3	4.22949	4.24527	4.16263	4.25595	4.16214	4.2192
YWHAZ	12.4827	12.5125	12.4201	12.4928	12.5928	12.542
CDH1	4.27451	4.14837	4.42808	3.98925	3.74402	4.01268
PRKCA	5.54219	5.48044	5.37704	5.66067	5.86849	5.83342
MET	10.2693	10.3031	10.3705	10.9063	10.4503	10.5943
LAMA2	4.44341	4.41616	4.40134	4.50264	4.58221	4.44769
LAMB1	8.79447	8.79462	9.21284	8.84958	8.15664	8.24721
LAMB3	4.33123	4.61784	4.4134	5.02153	4.97481	4.72307
YWHAB	12.0094	12.0522	12.0437	12.2632	12.1287	12.0927
CD9	12.0958	12.1607	12.1788	11.9695	12.1815	12.127
LAMA3	3.7897	3.96002	3.73926	3.85554	3.77445	3.90942
HRAS	9.61824	9.5928	9.71639	9.89827	9.8272	9.89076
GRB2	9.03581	9.00054	8.86406	9.50718	9.35541	9.3807
COL17A1	4.6569	4.6263	4.65337	4.65494	4.62825	4.70452
EGFR	6.22884	5.90444	6.2613	6.09392	6.43221	6.35114
PMP22	3.4065	3.47289	3.46194	3.58399	3.55297	3.4268
YWHAG	12.2211	12.2307	12.1433	12.4284	12.4536	12.4623
LAMC2	5.85325	5.7763	6.02469	7.49049	7.37464	7.44327
SHC1	10.0429	9.97024	10.3499	10.8296	10.7306	10.6629
YWHAQ	13.1623	13.1837	13.2101	13.1988	13.2587	13.2239
RXRB	8.52619	8.45989	8.46756	8.23896	8.37155	8.33649
PIK3CA	8.99694	9.04581	8.97821	8.85996	8.76073	8.84
YWHAH	9.57853	9.4732	9.65444	10.0173	10.214	10.1212
LAMA4	4.08645	3.8649	3.77527	4.02686	4.12243	4.14473
LAMB2	8.27807	8.18199	8.55168	8.10286	7.7695	7.93192
ITGB1	12.2077	12.2211	12.2205	12.7092	12.6809	12.6121
IL1A	4.23583	4.04801	4.10757	4.39248	3.89317	3.87763
LAMC1	8.76023	8.75726	8.95583	9.25987	9.03094	9.07139
EGF	3.63223	3.50729	3.4617	3.44253	3.73078	3.61589
AKT1	9.55093	9.50852	9.81544	9.57137	9.45232	9.60833
MST1R	6.54136	6.51124	6.58878	6.47689	6.50701	6.34394
CASP7	9.15072	9.27418	9.30593	9.19516	8.87539	8.86041
RPS6KB1	7.89125	7.9068	7.77479	7.94443	7.52542	7.51693
ITGB4	5.4749	5.00296	5.83604	5.05724	5.02496	5.14923
PIK3R1	7.11425	6.96996	7.32707	6.5274	6.42231	6.36388
RXRG	4.09428	4.25583	4.27707	4.07929	4.16614	3.9514
YWHAE	9.75507	9.67508	9.75061	10.0476	10.3899	10.1055
ITGA6	9.76363	9.71009	9.91506	9.60625	9.56968	9.62969
RAC1	4.59211	4.6184	4.64207	4.57423	4.39882	4.56293
LAMA1	4.15324	4.10066	4.32047	4.16814	4.15324	4.05512
SFN	9.2385	9.20509	9.22782	9.23022	9.24888	9.26448
LAMC3	7.14974	6.96698	7.36123	7.69014	7.60932	7.82825
MST1	7.69086	7.48082	7.40111	6.95501	7.31193	7.26446
TICAM1	6.4358	6.13362	6.3574	6.74229	6.48355	6.80651
TPBG	10.6663	10.6851	10.7001	10.9562	10.9209	10.9221
DDB2	7.8663	7.956	7.95702	9.16667	9.15343	9.24363
SH3GL1	8.5323	8.57794	8.43334	8.74953	8.73353	8.81362
CKB	10.5688	10.606	10.6875	10.3233	10.2117	10.3381
IMPA2	8.35382	8.28295	8.3701	8.38716	8.36212	8.36212
ITGB4	5.4749	5.00296	5.83604	5.05724	5.02496	5.14923
NOP16	9.06652	9.25292	9.25511	10.1518	10.0467	10.0391
MRPS12	8.25456	8.38766	8.23966	8.88085	8.92929	8.99365
AFG3L2	11.3074	11.3372	11.2709	11.3529	11.0536	11.1255
IGSF3	5.59203	5.68179	5.66792	5.587	5.61269	5.67467
FLNB	9.08217	9.0604	9.40522	9.5746	9.3581	9.40836
CELSR1	4.07792	4.11812	4.09833	3.93918	4.1648	4.33532
LAD1	5.60901	5.6247	5.76378	5.41975	5.59775	5.5584
C11orf80	5.54749	5.62823	5.46516	5.61561	5.55368	5.55179
TP63	3.72506	3.72094	3.60025	3.48646	3.59937	3.62493
ST6GALNAC2	7.89277	7.86977	8.10819	7.44236	7.32889	7.28775
SERPINB5	3.28682	3.44385	3.44443	3.39479	3.73672	3.40536
NCK1	9.42194	9.42524	9.30861	9.51327	9.46228	9.46413
ALDOA	13.2201	13.2269	13.2537	13.4212	13.3466	13.3669
ATP5F1D	0	0	0	0	0	0
TMEM183A	0	0	0	0	0	0
TRIM29	5.42656	5.42136	5.42507	5.30251	5.34262	5.40046
PPP4C	11.0323	10.9787	10.9442	11.0885	11.2359	11.2073
ACTA1	4.12387	4.14936	4.42734	4.57834	4.2907	4.26288
JUP	10.5567	10.511	10.7724	8.82251	8.68756	8.76024
DUSP7	6.84777	6.98259	7.03624	7.50807	7.17252	7.38936
UBE3C	3.33883	3.43574	3.29216	3.59736	3.39966	3.31837
CUL1	9.76497	9.77904	9.70203	9.88408	9.88639	9.86251
PFKP	11.5807	11.4913	11.6092	12.018	11.8734	11.9548
DTX2	0	0	0	0	0	0
BMP1	5.29391	5.1628	5.10724	5.28923	5.13014	4.87287
TUBA4A	7.15126	7.38465	7.25371	11.1418	11.1987	11.1736
NOP2	8.37106	8.43638	8.49219	8.95027	8.90626	8.92871
MBD2	10.0389	10.039	10.0052	10.3001	10.2621	10.2459
KLF5	3.68087	3.96002	3.55727	3.65988	3.48258	3.5506
EIF3K	14.1643	14.1905	14.1859	14.1995	14.1899	14.1784
SDC4	9.13774	9.17061	9.16454	9.16186	9.18011	9.19588
VDAC3	5.57546	5.95867	5.60264	5.44297	5.65582	5.67319
MALL	10.129	10.1984	10.2514	10.7555	10.7444	10.757
EPAS1	9.09606	9.12594	9.3055	11.6313	11.4307	11.575
PHLDA2	4.11637	4.22606	4.03943	4.49918	4.38664	4.345
ITGA3	7.98114	7.71691	8.27776	9.14941	8.93305	9.11243
S100A11	11.2009	11.2874	11.2674	12.3393	12.3007	12.3331
KLK10	4.36745	4.44262	4.49921	4.42768	4.18822	4.4036
PSMD8	12.0314	12.1337	12.1175	12.2403	12.2984	12.2724
MAST4	4.89553	4.81575	4.73574	4.73991	4.85977	4.75951
CAV2	11.0614	11.1443	11.1499	11.0964	10.8449	10.9193
SMTN	5.75422	5.60849	5.5435	5.65177	5.69821	5.74877
TNFRSF10B	3.81901	3.80691	3.86311	3.76887	3.73363	3.99859
COL17A1	4.6569	4.6263	4.65337	4.65494	4.62825	4.70452
PKP1	4.50632	4.60251	4.53563	4.44645	4.58585	4.29173
ATP5F1A	0	0	0	0	0	0
TNNT3	6.50199	6.66792	6.64721	6.61175	6.72447	6.61977
PRODH	0	0	0	0	0	0
PA2G4	9.82085	9.77924	9.82411	10.3414	10.3761	10.2879
TTLL12	8.55811	8.43237	8.63276	9.05358	9.0697	9.07793
GSTP1	11.4199	11.5031	11.5487	11.5646	11.5543	11.6338
TRIM16	9.09246	9.31043	9.3687	9.6584	9.7407	9.67066
SVIL	3.82726	4.02783	4.14421	3.78723	4.01582	3.93519
ADIRF	4.36156	4.44313	4.48048	4.57428	4.39685	4.60923
FLAD1	8.68264	8.75379	8.80002	9.07209	9.05198	9.06119
FXYD3	6.54293	6.49717	6.5046	6.31803	6.53018	6.56673
PLEC	7.95705	7.79471	8.11831	7.79063	7.55507	7.83043
CAV1	12.3166	12.311	12.1248	12.4196	12.6242	12.5287
MINK1	6.56105	6.69409	6.65993	6.79739	6.79146	6.77872
ALDH4A1	8.02279	7.94672	8.30739	7.6713	7.45422	7.52211
CEBPZ	10.1257	10.0911	10.0459	10.1485	10.0255	10.0787
HSPA2	7.35258	7.26495	7.50204	6.96888	6.63373	6.75398
RAB31	10.8175	10.8782	11.0173	12.0567	11.9002	11.9746
UBE2M	10.8681	10.9045	10.9975	11.3603	11.225	11.3664
SLC20A2	5.49322	5.54773	5.69127	5.7426	5.58195	5.59476
GJB3	6.07813	6.22763	6.18282	6.31868	6.26116	6.17067
BAIAP2	6.99977	6.84943	6.97252	6.78292	7.07266	7.10068
LMNA	9.8245	9.93034	10.0443	9.86357	9.61541	9.66269
PRSS3	5.07218	4.88215	4.9067	4.95466	5.04855	4.75531
VSNL1	4.95721	4.92983	4.92983	4.89439	4.93679	4.92287
ITGB5	8.19586	8.06043	8.23779	7.91123	7.74938	7.83921
ITGAV	12.1635	12.1505	12.307	12.885	12.8016	12.9174
TGFBR1	6.80954	6.9598	6.57761	6.69416	6.90732	6.65383
MADCAM1	5.56016	5.42039	5.5013	5.32147	5.49537	5.45144
ITGA4	3.48392	3.49001	3.44958	3.3864	3.51324	3.51266
ITGB7	5.8582	5.68632	5.58178	5.47903	5.52783	5.85196
PLAU	9.69312	9.68641	9.70469	10.4321	10.4716	10.4796
SDC1	8.95465	8.97528	9.03724	9.38813	9.45653	9.50351
ITGB6	0	0	0	0	0	0
FN1	4.05542	3.86006	3.85118	3.84971	3.84971	3.95017
CCN1	0	0	0	0	0	0
VCAM1	3.90442	3.90696	3.81705	3.64824	3.96888	4.00794
VTN	0	0	0	0	0	0
EDIL3	4.14761	4.13919	3.95723	4.51478	4.51478	4.35698
FBN1	4.84094	4.54355	4.70627	4.90375	4.95291	4.74448
PLAUR	5.62987	5.48708	5.58924	7.12972	7.37451	7.25504
ITGB8	3.95344	3.85893	3.91927	3.98153	4.06132	3.81662
TP63	3.72506	3.72094	3.60025	3.48646	3.59937	3.62493
WWP1	7.99125	8.14456	8.17701	8.55363	8.15051	8.14084
GPX2	5.40081	5.08933	5.13895	5.20595	5.22152	5.1746
CEBPD	6.27734	6.37969	6.3851	5.9546	5.76168	5.8318
POU2F2	5.81237	5.72771	5.56435	5.47838	5.78281	5.84475
STXBP4	3.72438	3.86724	3.55209	3.64534	3.51216	3.46579
ATM	3.84861	3.84609	3.76634	3.76887	3.89645	3.865
FOSL2	5.8785	5.80575	5.7435	6.3932	6.41906	6.15152
RRAD	4.02951	3.93078	4.18436	4.09899	4.08876	4.22801
VDR	5.82021	5.86544	5.92487	5.78031	6.10918	5.85733
GSK3B	6.54312	6.12876	6.38835	7.10733	6.94936	6.8814
PPP2R5A	4.73528	4.58495	4.6449	4.55434	4.74401	4.69028
MDM2	4.64203	4.67324	4.59444	4.8929	4.72415	4.72645
RACK1	0	0	0	0	0	0
NRG1	5.44768	5.34907	5.3905	5.22748	5.4487	5.47248
PERP	3.56989	3.48615	3.56103	3.57653	3.65548	3.53962
CDKN2A	3.88515	3.71962	3.62627	3.88515	3.72768	3.99041
SEC14L2	5.05439	5.39393	5.23265	5.42238	5.229	5.33545
IGFBP3	5.49542	5.28883	5.50086	8.13144	7.82592	8.16001
CCNB2	10.3334	10.3901	10.2972	10.2969	10.3175	10.2522
TCF7L1	7.81032	7.74606	7.91575	7.77931	7.68943	7.81646
MRE11	0	0	0	0	0	0
ITGA3	7.98114	7.71691	8.27776	9.14941	8.93305	9.11243
TBXT	0	0	0	0	0	0
ITCH	7.13701	7.3709	7.17624	8.10778	7.9064	7.80948
HES1	4.92595	4.65583	4.6238	4.45252	4.77365	4.88168
BDKRB2	5.31451	5.34563	5.33688	4.86519	5.19039	4.9148
FASN	10.1849	10.0953	10.6716	10.8029	10.4479	10.6547
YAP1	9.2005	9.19366	9.22499	9.3292	9.19161	9.03558
SFN	9.2385	9.20509	9.22782	9.23022	9.24888	9.26448
ADRM1	10.5185	10.5353	10.6213	10.7598	10.7041	10.8292
DLX6	4.60697	4.43706	4.57202	4.4026	4.45626	4.49236
TOP2A	10.6735	10.495	10.3564	10.582	10.1456	10.127
HELLS	7.05216	6.68802	6.50994	6.73083	6.77908	6.65454
BRCA2	5.4555	5.52424	5.58368	5.69638	5.20593	5.40599
RUNX1	0	0	0	0	0	0
KRT14	4.37241	4.14745	4.13302	4.16614	4.21737	4.20294
AXL	6.26297	6.34306	6.35245	6.53018	6.51074	6.44019
NOTCH1	7.168	7.04714	7.38722	7.65013	7.41299	7.61628
IL1A	4.23583	4.04801	4.10757	4.39248	3.89317	3.87763
KRT5	5.5806	5.57971	5.63349	5.33985	5.52682	5.60893
DLX5	3.96537	4.31559	4.2607	4.20373	4.29498	4.06632
COL5A1	5.62227	5.39651	5.66931	7.22053	6.57633	6.63032
FBXW7	6.53217	6.37101	6.37976	6.41377	6.24765	6.51534
ADA	9.28157	9.23674	9.17498	10.606	10.6523	10.711
RAB38	4.2994	4.32959	4.12109	3.93368	3.91609	4.0985
HBP1	4.78222	4.81447	4.66107	4.06438	4.36591	3.99677
ITGA3	7.98114	7.71691	8.27776	9.14941	8.93305	9.11243
LAMC3	7.14974	6.96698	7.36123	7.69014	7.60932	7.82825
LAMA3	3.7897	3.96002	3.73926	3.85554	3.77445	3.90942
LAMC2	5.85325	5.7763	6.02469	7.49049	7.37464	7.44327
COL4A4	3.8818	3.80922	3.59214	3.6636	3.79094	3.87778
NID2	3.70813	3.66797	3.63807	3.56692	3.74573	3.85027
LAMB1	8.79447	8.79462	9.21284	8.84958	8.15664	8.24721
ITGA6	9.76363	9.71009	9.91506	9.60625	9.56968	9.62969
LAMA1	4.15324	4.10066	4.32047	4.16814	4.15324	4.05512
LAMA4	4.08645	3.8649	3.77527	4.02686	4.12243	4.14473
COL7A1	6.17494	6.17556	5.92825	8.57899	8.95178	8.90698
NID1	5.49604	5.40283	5.39419	5.46323	5.63161	5.49509
LAMA5	9.32834	9.24249	9.75837	8.6811	8.36201	8.58893
ITGB4	5.4749	5.00296	5.83604	5.05724	5.02496	5.14923
COL4A2	4.09098	4.14098	3.96745	4.45458	4.41612	4.42054
ITGA7	5.05957	4.97359	5.09802	4.71354	4.6145	4.77562
LAMC1	8.76023	8.75726	8.95583	9.25987	9.03094	9.07139
ITGAV	12.1635	12.1505	12.307	12.885	12.8016	12.9174
HSPG2	5.08326	4.95849	5.18827	5.16026	5.22847	5.29298
ITGB1	12.2077	12.2211	12.2205	12.7092	12.6809	12.6121
ITGA2	8.13692	7.79729	7.67494	9.19409	9.25459	9.4679
COL4A3	4.23745	4.36413	4.21076	4.44619	4.30733	4.05393
LAMB2	8.27807	8.18199	8.55168	8.10286	7.7695	7.93192
COL18A1	10.4786	10.3152	10.8522	10.6677	10.3163	10.4294
COL4A1	4.78726	4.70931	4.46749	4.97645	5.2163	5.3474
COL4A5	7.11619	7.0717	7.35583	6.66449	5.9461	6.28743
LAMA2	4.44341	4.41616	4.40134	4.50264	4.58221	4.44769
LAMB3	4.33123	4.61784	4.4134	5.02153	4.97481	4.72307
COL4A6	3.632	3.75429	3.71537	3.46288	3.61172	3.62976
ITGA1	3.91237	3.52233	3.44939	3.41042	3.58748	3.52192
FOXM1	7.66588	7.73926	7.82561	7.9698	7.98917	8.10474
GAS1	4.02196	3.91536	3.85118	3.83315	3.98661	4.19139
CENPF	3.91403	3.56776	3.92478	3.82413	3.79236	3.74271
SP1	7.51538	7.43068	7.33088	7.08305	7.02039	6.95581
PLK1	7.35467	7.27939	7.31437	7.88992	7.828	7.80879
MYC	9.83709	9.92972	9.90614	11.3274	11.2039	11.2408
NFATC3	6.77682	6.84665	6.88032	6.7335	6.75337	6.88561
BRCA2	5.4555	5.52424	5.58368	5.69638	5.20593	5.40599
CDK1	10.5409	10.6266	10.5687	10.3805	10.1999	10.2245
CCNE1	9.1943	9.13794	9.28349	9.69352	9.64747	9.80784
EP300	7.57893	7.61006	7.97297	7.69409	7.31752	7.41497
CCND1	7.96565	7.65779	7.90056	8.80466	8.32479	8.44113
LAMA4	4.08645	3.8649	3.77527	4.02686	4.12243	4.14473
CENPA	8.60456	8.55669	8.61176	8.68636	8.93443	8.83072
CREBBP	10.4796	10.6364	10.6801	10.5468	10.4156	10.5354
CCNB2	10.3334	10.3901	10.2972	10.2969	10.3175	10.2522
SKP2	7.88608	7.97036	7.82872	7.84868	7.78419	7.71857
CDKN2A	3.88515	3.71962	3.62627	3.88515	3.72768	3.99041
BIRC5	6.91599	7.00318	6.74026	7.22668	6.91191	6.92794
XRCC1	6.6065	6.56314	6.57826	6.52362	6.39761	6.49179
CDC25B	11.6627	11.5393	11.8738	11.1142	11.0342	11.1199
CKS1B	12.4873	12.5518	12.5045	12.5545	12.6482	12.6792
AURKB	7.75765	7.81785	7.73058	8.12959	8.18107	8.08129
HIST1H2BA	3.56197	3.51156	3.43861	3.31942	3.50548	3.36112
CCNA2	7.69733	7.74385	7.59523	8.20254	8.08526	8.12603
CENPB	8.16264	8.04021	8.29168	8.66155	8.94565	8.86392
CDK4	11.9557	11.981	11.9952	12.2	12.194	12.1874
MMP2	3.77274	3.68142	3.58009	3.64065	3.86311	3.80425
FOS	4.98031	5.2471	5.14697	4.55971	4.65543	4.57695
RB1	9.88771	9.89178	10.0137	9.74365	9.57971	9.61403
CHEK2	8.87512	8.9343	8.73963	8.70392	8.76195	8.63666
CCNB1	10.9795	11.0029	10.9749	10.9701	11.0222	11.0432
ESR1	3.59982	3.64065	3.66443	3.85195	3.62192	3.58961
MAP2K1	10.3316	10.3504	10.3727	10.4927	10.3861	10.4182
ONECUT1	4.7146	4.41408	4.66897	4.60114	4.61928	4.79633
NEK2	8.87232	8.80696	8.80523	8.76672	8.68463	8.75325
CDK2	8.72671	8.76161	8.63427	8.70422	9.03593	9.01376
GSK3A	7.75082	7.78749	7.68552	7.79871	7.8499	7.77653
ETV5	10.7313	10.5798	10.6949	10.9881	10.6784	10.8172
TGFA	4.69547	4.77516	4.56352	4.63131	4.67589	4.70194
CTNNB1	5.51967	5.80665	5.70265	5.5937	5.55605	5.45087
CDH1	4.27451	4.14837	4.42808	3.98925	3.74402	4.01268
AQP5	5.41349	5.21636	4.94956	4.95599	5.15855	5.3568
EGF	3.63223	3.50729	3.4617	3.44253	3.73078	3.61589
ENAH	4.59657	4.55117	4.5572	6.43396	6.2957	6.47471
AFDN	5.00783	4.86769	5.13592	5.46121	5.43916	5.51298
CTNNA1	9.54195	9.74563	9.53629	9.84596	9.74634	9.63965
VCL	4.49438	4.53726	4.34767	4.29974	4.53587	4.63055
DIAPH1	3.41903	3.46608	3.27005	3.33609	3.39587	3.67035
NCKAP1	11.6832	11.7236	11.9103	12.1964	11.7993	11.8537
VASP	8.00442	7.92618	8.09476	8.56193	8.51873	8.53462
NCK1	9.42194	9.42524	9.30861	9.51327	9.46228	9.46413
EXOC3	8.8928	8.87298	8.85937	8.78859	8.78938	8.81224
ZYX	7.92074	7.60744	8.08418	9.85162	9.54586	9.77966
PLEKHA7	5.09294	4.86255	5.22555	4.7138	4.5707	4.85158
IGF1R	9.00932	8.8422	8.92677	9.39013	8.99886	9.12638
MET	10.2693	10.3031	10.3705	10.9063	10.4503	10.5943
STX4	9.7037	9.71987	9.58894	10.166	10.2067	10.1517
HGF	4.88685	4.5807	4.50233	3.80749	3.98549	3.85873
ROCK1	3.50429	3.50189	3.58712	3.58238	3.49842	3.51686
EXOC4	9.97667	9.94124	9.93583	9.8408	9.81642	9.74662
LIMA1	8.83355	8.74908	8.73337	8.39228	8.50151	8.42242
MGAT3	5.17712	5.35781	5.1599	5.13093	5.31922	4.97678
NECTIN2	8.11081	8.19213	8.22558	8.07258	8.115	8.21419
RHOA	11.7988	11.8546	11.7564	12.1076	12.1332	12.0625
ABI1	3.16302	3.06832	3.31449	3.25632	3.13863	3.21301
CTNND1	0	0	0	0	0	0
PIP5K1C	7.64849	7.60197	7.82972	7.78301	7.52681	7.62636
CAMSAP3	4.45575	4.5071	4.52949	4.5633	4.40281	4.47598
MYL2	3.83752	3.76591	3.61549	3.77991	3.97494	4.04784
EGFR	6.22884	5.90444	6.2613	6.09392	6.43221	6.35114
ACTN1	11.502	11.4727	11.6131	12.4605	12.1867	12.2775
KIFC3	4.2154	4.20656	4.18945	4.24937	4.41879	4.43947
CYFIP2	5.21912	5.24027	5.88106	4.90156	4.92413	4.73574
LPP	4.64143	4.64389	4.35317	4.15635	4.55203	4.64389
MYO6	8.47177	8.00425	8.1358	8.65681	8.03776	8.16114
GIT1	8.47522	8.44042	8.21836	8.15494	8.37869	8.35002
EPHA2	10.0057	9.96206	10.2299	10.0646	9.88862	9.99782
EFNA1	7.8999	7.88363	7.80501	7.82662	7.9049	7.87317
ARF6	10.1623	10.0932	10.2167	9.78245	9.8326	9.82481
AQP3	5.42088	5.35999	5.34086	5.22152	5.73451	5.47606
